CO2
Golfgetal [cm-1]	ppm
cm-1	0 500 1000 30000 59700 100000 150000 200000
 594.44	0	0.006482	0.013062	-0.020825	0.002690	-0.002355	0.005775	0.008107
 602.16	0	0.015134	0.024474	-0.014638	0.004485	0.002270	0.005524	0.002826
 609.88	0	0.003069	0.015568	-0.024441	0.007024	0.001969	0.003335	0.011208
 617.60	0	-0.003182	0.003205	-0.039576	-0.005912	0.000231	-0.000515	-0.001205
 625.32	0	-0.000000	0.006482	-0.026242	0.011951	-0.003513	0.002909	0.000552
 633.04	0	0.016268	0.016268	-0.026694	0.006434	-0.008939	-0.001716	0.006501
 640.76	0	0.012499	0.009340	-0.021415	-0.005427	-0.013159	-0.008050	0.007822
 648.48	0	0.006631	0.013364	-0.017089	0.009796	-0.008129	0.000582	0.007450
 656.20	0	0.018749	0.021955	-0.032846	-0.003708	-0.005538	-0.013580	0.006633
 663.92	0	0.018749	0.025184	-0.030885	0.001911	-0.004036	-0.001584	-0.002208
 671.64	0	0.009407	0.006249	-0.033773	-0.001646	-0.008518	-0.005389	-0.005154
 679.36	0	0.021189	0.018098	-0.043482	-0.017421	-0.020143	-0.016022	-0.009778
 687.08	0	0.018483	0.018483	-0.042479	-0.010123	-0.014753	-0.008181	-0.011729
 694.80	0	0.018225	0.018225	-0.035808	-0.015943	-0.009424	-0.001652	-0.004744
 702.52	0	0.015457	0.021797	-0.037547	-0.010899	-0.009163	-0.011960	-0.003899
 710.24	0	0.018353	0.021489	-0.037710	-0.008066	-0.020117	-0.014413	-0.008916
 717.96	0	0.021797	0.015457	-0.035715	-0.013615	-0.020603	-0.003745	-0.008362
 725.68	0	0.003113	0.012589	-0.037889	-0.009694	-0.011114	-0.006103	-0.008012
 733.40	0	-0.002944	0.005949	-0.026441	-0.004129	0.004386	0.002902	0.005682
 741.12	0	0.024512	0.018944	-0.009269	0.025093	0.030700	0.036864	0.041272
 748.84	0	-0.000000	-0.000000	0.016076	0.053601	0.076796	0.079782	0.091219
 756.56	0	-0.009939	-0.002006	0.047680	0.101755	0.127591	0.140332	0.151683
 764.28	0	-0.001674	-0.014835	0.038752	0.084052	0.119678	0.147977	0.175497
 772.00	0	-0.007825	-0.011686	0.036437	0.082324	0.136209	0.188307	0.238291
 779.72	0	-0.005355	-0.008537	0.005554	0.019664	0.046919	0.075360	0.105330
 787.44	0	-0.007456	-0.008379	0.018511	0.039283	0.061811	0.090197	0.114095
 795.16	0	-0.003141	-0.007036	0.021869	0.043390	0.066789	0.090196	0.109885
 802.88	0	-0.002852	-0.003987	-0.000924	0.000965	0.010321	0.019832	0.029071
 810.60	0	-0.003303	-0.003303	0.004515	0.009837	0.019140	0.030097	0.039789
 818.32	0	-0.000949	-0.001265	-0.000317	0.004266	0.010022	0.015798	0.021765
 826.04	0	-0.002415	-0.001692	0.000880	0.005371	0.011080	0.018395	0.024312
 833.76	0	-0.001742	-0.002707	0.000326	0.002847	0.006893	0.010831	0.014133
 841.48	0	-0.001961	-0.002124	-0.001847	-0.001417	-0.000371	0.000182	0.001858
 849.20	0	-0.002207	-0.002483	-0.001301	-0.001167	0.000161	0.001196	0.002502
 856.92	0	-0.002623	-0.002623	-0.001469	-0.000805	0.000458	0.001853	0.003146
 864.64	0	-0.002994	-0.002685	-0.001035	-0.000263	0.001002	0.002842	0.004693
 872.36	0	-0.002301	-0.002389	-0.001647	-0.001674	-0.000624	0.000322	0.000977
 880.08	0	-0.002419	-0.002269	-0.001114	-0.000420	0.000483	0.001975	0.003293
 887.80	0	-0.001824	-0.001954	-0.000928	0.000261	0.001713	0.003820	0.005904
 895.52	0	-0.001433	-0.001547	-0.000152	0.001488	0.004110	0.007091	0.009907
 903.24	0	-0.001889	-0.001940	0.000756	0.003220	0.006450	0.010508	0.014786
 910.96	0	-0.001788	-0.001742	0.001799	0.005407	0.010256	0.016250	0.022310
 918.68	0	-0.001331	-0.001455	0.002555	0.006675	0.012135	0.018857	0.025502
 926.40	0	-0.001481	-0.001632	0.003509	0.008370	0.014532	0.022198	0.029587
 934.12	0	-0.001468	-0.001468	0.007052	0.015123	0.025351	0.037543	0.049262
 941.84	0	-0.001424	-0.001262	0.010031	0.021217	0.034494	0.050264	0.065353
 949.56	0	-0.001480	-0.001329	0.010341	0.021906	0.035868	0.052377	0.068195
 957.28	0	-0.001795	-0.001852	0.003324	0.008339	0.014590	0.022109	0.029654
 965.00	0	-0.002088	-0.001980	0.002561	0.006799	0.012036	0.018499	0.024947
 972.72	0	-0.002028	-0.001872	0.010811	0.022187	0.035821	0.051693	0.066499
 980.44	0	-0.002514	-0.002338	0.011298	0.023155	0.037212	0.053624	0.068715
 988.16	0	-0.003092	-0.002845	0.005651	0.012667	0.021271	0.031680	0.041783
 995.88	0	-0.003865	-0.003617	0.000279	0.002216	0.004774	0.007981	0.011311
1003.60	0	-0.004604	-0.004319	-0.001183	-0.000647	0.000140	0.001037	0.001931
1011.32	0	-0.004336	-0.003954	-0.000386	0.000927	0.002675	0.004688	0.006894
1019.04	0	-0.003385	-0.003037	0.001209	0.003861	0.007393	0.011590	0.015805
1026.76	0	-0.002728	-0.002552	0.003669	0.008796	0.015189	0.022834	0.030210
1034.48	0	-0.002506	-0.002266	0.007908	0.016848	0.027692	0.040530	0.052803
1042.20	0	-0.002331	-0.001962	0.011727	0.023782	0.037981	0.054459	0.069817
1049.92	0	-0.002148	-0.001813	0.014581	0.029460	0.047091	0.067632	0.086849
1057.64	0	-0.002210	-0.001991	0.010297	0.021472	0.035251	0.051739	0.067688
1065.36	0	-0.002260	-0.002002	0.004447	0.010380	0.018071	0.027676	0.037302
1073.08	0	-0.002099	-0.001761	0.012918	0.026347	0.042322	0.061066	0.078693
1080.80	0	-0.001845	-0.001307	0.021324	0.042351	0.067175	0.096031	0.123158
1088.52	0	-0.001509	-0.001167	0.017566	0.035507	0.057489	0.083874	0.109336
1096.24	0	-0.001270	-0.001136	0.007299	0.015763	0.026668	0.040155	0.053521
1103.96	0	-0.001039	-0.000984	0.000271	0.001771	0.003949	0.006562	0.009308
1111.68	0	-0.000744	-0.000796	-0.001176	-0.001154	-0.000941	-0.000838	-0.000644
1119.40	0	-0.000545	-0.000711	-0.001442	-0.001681	-0.001740	-0.001973	-0.001984
1127.12	0	-0.000662	-0.000725	-0.001418	-0.001673	-0.001677	-0.001883	-0.001968
1134.84	0	-0.000713	-0.000713	-0.001464	-0.001665	-0.001661	-0.001877	-0.001998
1142.56	0	-0.000604	-0.000707	-0.001423	-0.001627	-0.001677	-0.001924	-0.002001
1150.28	0	-0.000704	-0.000747	-0.001429	-0.001616	-0.001662	-0.001832	-0.001944
1158.00	0	-0.000718	-0.000830	-0.001469	-0.001640	-0.001650	-0.001869	-0.001948
1165.72	0	-0.000705	-0.000843	-0.001415	-0.001654	-0.001692	-0.001917	-0.002037
1173.44	0	-0.000774	-0.000828	-0.001436	-0.001636	-0.001689	-0.001867	-0.001992
1181.16	0	-0.000814	-0.000894	-0.001449	-0.001667	-0.001740	-0.001952	-0.002077
1188.88	0	-0.000855	-0.000921	-0.001389	-0.001613	-0.001643	-0.001836	-0.001971
1196.60	0	-0.000828	-0.000918	-0.001375	-0.001610	-0.001634	-0.001875	-0.001972
1204.32	0	-0.000825	-0.000902	-0.001404	-0.001602	-0.001615	-0.001841	-0.001960
1212.04	0	-0.000884	-0.000884	-0.001391	-0.001555	-0.001542	-0.001760	-0.001838
1219.76	0	-0.000878	-0.000951	-0.001334	-0.001505	-0.001501	-0.001712	-0.001765
1227.48	0	-0.000921	-0.000969	-0.001345	-0.001493	-0.001427	-0.001613	-0.001699
1235.20	0	-0.000998	-0.001055	-0.001323	-0.001497	-0.001389	-0.001532	-0.001552
1242.92	0	-0.001170	-0.001246	-0.001249	-0.001401	-0.001315	-0.001435	-0.001393
1250.64	0	-0.001696	-0.001728	-0.001252	-0.001403	-0.001292	-0.001403	-0.001387
1258.36	0	-0.001646	-0.001624	-0.001314	-0.001475	-0.001443	-0.001581	-0.001631
1266.08	0	-0.000685	-0.000695	-0.001217	-0.001337	-0.001309	-0.001415	-0.001449
1273.80	0	-0.000527	-0.000629	-0.001245	-0.001377	-0.001268	-0.001332	-0.001325
1281.52	0	-0.000644	-0.000734	-0.001302	-0.001446	-0.001338	-0.001411	-0.001416
1289.24	0	-0.000621	-0.000691	-0.001267	-0.001431	-0.001359	-0.001480	-0.001514
1296.96	0	-0.000678	-0.000755	-0.001311	-0.001479	-0.001445	-0.001621	-0.001680
1304.68	0	-0.000716	-0.000767	-0.001356	-0.001551	-0.001500	-0.001679	-0.001775
1312.40	0	-0.000655	-0.000740	-0.001297	-0.001490	-0.001503	-0.001632	-0.001753
1320.12	0	-0.000636	-0.000722	-0.001271	-0.001418	-0.001491	-0.001635	-0.001703
1327.84	0	-0.000743	-0.000735	-0.001377	-0.001552	-0.001463	-0.001638	-0.001725
1335.56	0	-0.000626	-0.000686	-0.001219	-0.001353	-0.001381	-0.001473	-0.001490
1343.28	0	-0.000632	-0.000684	-0.001180	-0.001250	-0.001272	-0.001335	-0.001280
1351.00	0	-0.000727	-0.000751	-0.001288	-0.001370	-0.001205	-0.001274	-0.001289
1358.72	0	-0.000602	-0.000696	-0.001145	-0.001250	-0.001216	-0.001284	-0.001226
1366.44	0	-0.000601	-0.000697	-0.001167	-0.001313	-0.001323	-0.001438	-0.001427
1374.16	0	-0.000604	-0.000716	-0.001126	-0.001224	-0.001198	-0.001235	-0.001174
1381.88	0	-0.000678	-0.000729	-0.001145	-0.001240	-0.001146	-0.001144	-0.001093
1389.60	0	-0.000683	-0.000761	-0.001174	-0.001317	-0.001257	-0.001296	-0.001251
1397.32	0	-0.000605	-0.000771	-0.000988	-0.001164	-0.001234	-0.001286	-0.001171
1405.04	0	-0.000769	-0.000795	-0.001207	-0.001350	-0.001314	-0.001406	-0.001450
1412.76	0	-0.000678	-0.000755	-0.001215	-0.001351	-0.001399	-0.001519	-0.001538
1420.48	0	-0.000525	-0.000664	-0.001010	-0.001214	-0.001339	-0.001497	-0.001473
1428.20	0	-0.000623	-0.000692	-0.001203	-0.001398	-0.001399	-0.001592	-0.001672
1435.92	0	-0.000522	-0.000677	-0.001056	-0.001278	-0.001409	-0.001551	-0.001574
1443.64	0	-0.000680	-0.000722	-0.001277	-0.001420	-0.001399	-0.001609	-0.001714
1451.36	0	-0.000477	-0.000660	-0.001127	-0.001369	-0.001456	-0.001636	-0.001705
1459.08	0	-0.000430	-0.000613	-0.000898	-0.001203	-0.001405	-0.001541	-0.001535
1466.80	0	-0.000545	-0.000653	-0.001160	-0.001408	-0.001449	-0.001609	-0.001709
1474.52	0	-0.000406	-0.000584	-0.000942	-0.001248	-0.001423	-0.001558	-0.001606
1482.24	0	-0.000513	-0.000605	-0.001122	-0.001363	-0.001403	-0.001586	-0.001672
1489.96	0	-0.000374	-0.000589	-0.000931	-0.001247	-0.001402	-0.001571	-0.001605
1497.68	0	-0.000433	-0.000592	-0.001016	-0.001337	-0.001428	-0.001596	-0.001642
1505.40	0	-0.000298	-0.000563	-0.000838	-0.001194	-0.001422	-0.001582	-0.001522
1513.12	0	-0.000145	-0.000502	-0.000682	-0.000972	-0.001342	-0.001510	-0.001386
1520.84	0	-0.000181	-0.000566	-0.000641	-0.001038	-0.001356	-0.001480	-0.001460
1528.56	0	-0.000290	-0.000530	-0.000863	-0.001157	-0.001357	-0.001499	-0.001516
1536.28	0	-0.000153	-0.000504	-0.000748	-0.001169	-0.001384	-0.001523	-0.001498
1544.00	0	-0.000307	-0.000600	-0.000600	-0.000996	-0.001345	-0.001484	-0.001434
1551.72	0	-0.000335	-0.000562	-0.000927	-0.001227	-0.001407	-0.001551	-0.001575
1559.44	0	-0.000271	-0.000596	-0.000635	-0.001153	-0.001401	-0.001526	-0.001496
1567.16	0	-0.000513	-0.000637	-0.001120	-0.001368	-0.001449	-0.001645	-0.001706
1574.88	0	-0.000451	-0.000629	-0.001111	-0.001387	-0.001458	-0.001635	-0.001720
1582.60	0	-0.000568	-0.000602	-0.001214	-0.001411	-0.001411	-0.001630	-0.001729
1590.32	0	-0.000531	-0.000576	-0.001290	-0.001475	-0.001416	-0.001623	-0.001756
1598.04	0	-0.000494	-0.000569	-0.001175	-0.001421	-0.001392	-0.001606	-0.001733
1605.76	0	-0.000493	-0.000549	-0.001280	-0.001475	-0.001443	-0.001641	-0.001781
1613.48	0	-0.000398	-0.000521	-0.001120	-0.001420	-0.001442	-0.001610	-0.001706
1621.20	0	-0.000432	-0.000542	-0.001129	-0.001398	-0.001457	-0.001641	-0.001694
1628.92	0	-0.000422	-0.000579	-0.001165	-0.001457	-0.001502	-0.001686	-0.001746
1636.64	0	-0.000442	-0.000563	-0.001060	-0.001365	-0.001403	-0.001621	-0.001667
1644.36	0	-0.000313	-0.000499	-0.001025	-0.001376	-0.001486	-0.001660	-0.001716
1652.08	0	-0.000222	-0.000505	-0.000611	-0.001140	-0.001402	-0.001551	-0.001527
1659.80	0	-0.000457	-0.000538	-0.001028	-0.001300	-0.001369	-0.001594	-0.001653
1667.52	0	-0.000321	-0.000499	-0.001000	-0.001323	-0.001383	-0.001586	-0.001667
1675.24	0	-0.000266	-0.000493	-0.000834	-0.001204	-0.001361	-0.001566	-0.001586
1682.96	0	-0.000242	-0.000502	-0.000904	-0.001237	-0.001421	-0.001579	-0.001608
1690.68	0	-0.000289	-0.000498	-0.000989	-0.001336	-0.001448	-0.001584	-0.001656
1698.40	0	-0.000206	-0.000509	-0.000777	-0.001222	-0.001443	-0.001601	-0.001590
1706.12	0	-0.000323	-0.000494	-0.000931	-0.001248	-0.001409	-0.001600	-0.001659
1713.84	0	-0.000191	-0.000416	-0.000922	-0.001238	-0.001385	-0.001569	-0.001573
1721.56	0	-0.000318	-0.000481	-0.001000	-0.001263	-0.001375	-0.001602	-0.001626
1729.28	0	-0.000297	-0.000442	-0.001069	-0.001331	-0.001366	-0.001549	-0.001604
1737.00	0	-0.000209	-0.000456	-0.000835	-0.001201	-0.001358	-0.001559	-0.001519
1744.72	0	-0.000244	-0.000423	-0.000980	-0.001267	-0.001342	-0.001530	-0.001538
1752.44	0	-0.000207	-0.000413	-0.000902	-0.001205	-0.001359	-0.001517	-0.001505
1760.16	0	-0.000387	-0.000462	-0.001174	-0.001382	-0.001430	-0.001640	-0.001663
1767.88	0	-0.000271	-0.000431	-0.001059	-0.001375	-0.001434	-0.001637	-0.001628
1775.60	0	-0.000316	-0.000449	-0.001044	-0.001321	-0.001411	-0.001628	-0.001622
1783.32	0	-0.000372	-0.000428	-0.001235	-0.001431	-0.001435	-0.001659	-0.001693
1791.04	0	-0.000251	-0.000407	-0.001073	-0.001355	-0.001394	-0.001582	-0.001576
1798.76	0	-0.000283	-0.000420	-0.001106	-0.001349	-0.001388	-0.001579	-0.001583
1806.48	0	-0.000315	-0.000402	-0.001138	-0.001365	-0.001353	-0.001541	-0.001563
1814.20	0	-0.000386	-0.000435	-0.001225	-0.001441	-0.001380	-0.001592	-0.001650
1821.92	0	-0.000314	-0.000391	-0.001163	-0.001399	-0.001327	-0.001509	-0.001515
1829.64	0	-0.000274	-0.000395	-0.000974	-0.001304	-0.001303	-0.001465	-0.001478
1837.36	0	-0.000347	-0.000396	-0.001180	-0.001390	-0.001231	-0.001352	-0.001321
1845.08	0	-0.000241	-0.000370	-0.000979	-0.001175	-0.001049	-0.001085	-0.000893
1852.80	0	-0.000382	-0.000437	-0.001049	-0.001116	-0.000840	-0.000786	-0.000508
1860.52	0	-0.000000	-0.000000	-0.001112	-0.001111	-0.000710	-0.000561	-0.000223
1868.24	0	-0.000219	-0.000340	-0.000837	-0.000882	-0.000554	-0.000370	0.000043
1875.96	0	-0.000384	-0.000404	-0.000937	-0.000799	-0.000247	0.000089	0.000654
1883.68	0	-0.000344	-0.000385	-0.000625	-0.000158	0.000793	0.001620	0.002659
1891.40	0	-0.000292	-0.000355	-0.000047	0.000830	0.002323	0.003873	0.005676
1899.12	0	-0.000307	-0.000321	0.000695	0.002407	0.004991	0.007859	0.010895
1906.84	0	-0.000315	-0.000322	0.000920	0.002791	0.005523	0.008606	0.011843
1914.56	0	-0.000302	-0.000309	0.001144	0.003232	0.006177	0.009602	0.013209
1922.28	0	-0.000267	-0.000332	-0.000120	0.000590	0.001830	0.003171	0.004676
1930.00	0	-0.000341	-0.000348	0.000147	0.001211	0.002951	0.004794	0.006801
1937.72	0	-0.000330	-0.000330	0.000583	0.002012	0.004324	0.006850	0.009593
1945.44	0	-0.000300	-0.000364	-0.001175	-0.001618	-0.001706	-0.002171	-0.002425
1953.16	0	-0.000375	-0.000416	-0.000966	-0.000962	-0.000496	-0.000322	0.000060
1960.88	0	-0.000317	-0.000359	-0.000785	-0.000665	-0.000078	0.000241	0.000737
1968.60	0	-0.000323	-0.000365	-0.000883	-0.000806	-0.000342	-0.000075	0.000350
1976.32	0	-0.000357	-0.000378	-0.000902	-0.000784	-0.000230	0.000046	0.000504
1984.04	0	-0.000332	-0.000367	-0.000997	-0.001111	-0.000809	-0.000845	-0.000666
1991.76	0	-0.000299	-0.000377	-0.001079	-0.001252	-0.001043	-0.001137	-0.001024
1999.48	0	-0.000357	-0.000392	-0.001032	-0.001115	-0.000817	-0.000804	-0.000629
2007.20	0	-0.000361	-0.000368	-0.000989	-0.001016	-0.000652	-0.000528	-0.000261
2014.92	0	-0.000311	-0.000361	-0.000895	-0.000821	-0.000260	0.000132	0.000725
2022.64	0	-0.000305	-0.000333	-0.000042	0.000804	0.002181	0.003521	0.005018
2030.36	0	-0.000344	-0.000358	0.000574	0.002230	0.004787	0.007767	0.010976
2038.08	0	-0.000241	-0.000199	0.004782	0.010210	0.017238	0.025313	0.033167
2045.80	0	-0.000214	-0.000107	0.008057	0.016505	0.026976	0.038955	0.050325
2053.52	0	-0.000092	0.000092	0.013073	0.025920	0.041260	0.058561	0.074587
2061.24	0	-0.000072	0.000122	0.013685	0.027376	0.044097	0.063610	0.082044
2068.96	0	-0.000181	-0.000108	0.006315	0.013696	0.023538	0.035659	0.047878
2076.68	0	0.000101	0.000454	0.023047	0.044270	0.068588	0.095320	0.119266
2084.40	0	-0.000058	0.000116	0.012191	0.024036	0.038016	0.053680	0.068122
2092.12	0	-0.000197	-0.000168	0.004138	0.009260	0.016264	0.024747	0.033363
2099.84	0	-0.000088	0.000015	0.007908	0.015831	0.025502	0.036388	0.046586
2107.56	0	-0.000234	-0.000205	0.002212	0.005455	0.010317	0.016458	0.022970
2115.28	0	-0.000103	-0.000044	0.004741	0.009944	0.016766	0.024762	0.032637
2123.00	0	-0.000192	-0.000155	0.001620	0.003920	0.007388	0.011507	0.015838
2130.72	0	-0.000126	-0.000052	0.004284	0.009092	0.015356	0.022474	0.029350
2138.44	0	-0.000164	-0.000171	0.000772	0.002030	0.004013	0.006137	0.008358
2146.16	0	-0.000201	-0.000224	0.000014	0.000749	0.002063	0.003410	0.004966
2153.88	0	-0.000202	-0.000225	0.000434	0.001400	0.003044	0.004725	0.006557
2161.60	0	-0.000234	-0.000286	-0.000147	0.000410	0.001603	0.002807	0.004183
2169.32	0	-0.000318	-0.000401	0.000139	0.001097	0.002830	0.004734	0.006759
2177.04	0	-0.000205	-0.000311	-0.000151	0.000513	0.002005	0.003538	0.005205
2184.76	0	-0.000442	-0.000549	0.000986	0.003049	0.006246	0.009999	0.013945
2192.48	0	-0.000337	-0.000421	0.003481	0.008380	0.015072	0.023165	0.031325
2200.20	0	-0.000430	-0.000499	0.009681	0.020390	0.034547	0.052324	0.070143
2207.92	0	-0.000324	-0.000201	0.023511	0.048280	0.078990	0.116252	0.152345
2215.64	0	0.000108	0.000775	0.053383	0.103630	0.163739	0.234468	0.300595
2223.36	0	0.001067	0.002777	0.116251	0.217601	0.330973	0.459166	0.576731
2231.08	0	0.003268	0.007172	0.205244	0.361765	0.537156	0.741145	0.934240
2238.80	0	0.007424	0.015172	0.342256	0.566741	0.798832	1.053479	1.282999
2246.52	0	0.013160	0.026530	0.518848	0.895727	1.327508	1.815334	2.132339
2254.24	0	0.022383	0.043094	0.747487	1.244920	1.746663	2.089393	2.195343
2261.96	0	0.031296	0.060578	1.123495	1.890295	2.213490	2.235363	2.261316
2269.68	0	0.046342	0.088221	1.527607	2.140739	2.254104	2.268995	2.294240
2277.40	0	0.072375	0.140558	2.030408	2.266977	2.308671	2.318922	2.348787
2285.12	0	0.126552	0.236886	2.214077	2.278108	2.337909	2.363061	2.397146
2292.84	0	0.241176	0.421467	2.274246	2.336884	2.379884	2.390290	2.432422
2300.56	0	0.366622	0.636109	2.220308	2.314380	2.390357	2.404152	2.456964
2308.28	0	0.503501	0.856092	2.226110	2.306725	2.374383	2.389573	2.434903
2316.00	0	0.590663	1.011613	2.115818	2.207501	2.278364	2.289577	2.336989
2323.72	0	0.646955	1.103542	2.007843	2.084961	2.140424	2.151497	2.190455
2331.44	0	0.700784	1.252529	1.931797	2.016522	2.071201	2.079452	2.108455
2339.16	0	0.722168	1.288265	1.927661	1.977322	1.994717	1.988654	1.994384
2346.88	0	0.741625	1.306869	1.961874	2.025888	2.019811	1.999887	2.000876
2354.60	0	0.768906	1.289373	1.859984	1.791395	1.757979	1.741076	1.747154
2362.32	0	1.037849	1.721564	1.662594	1.532327	1.493840	1.490661	1.509575
2370.04	0	0.758900	1.296429	1.443846	1.370568	1.367628	1.390146	1.426140
2377.76	0	0.486343	0.857623	1.410833	1.363225	1.384730	1.434420	1.489776
2385.48	0	0.197548	0.323729	1.213611	1.209029	1.264151	1.341371	1.420297
2393.20	0	0.022145	0.042167	0.448605	0.604481	0.738483	0.871715	0.987251
2400.92	0	-0.003067	-0.005589	0.000032	0.025003	0.053050	0.086252	0.119028
2408.64	0	0.002833	0.004624	0.008126	0.007711	0.011716	0.020496	0.032110
2416.36	0	-0.001761	-0.002668	0.003033	0.011051	0.019451	0.029132	0.038734
2424.08	0	0.001744	0.002410	-0.001398	-0.001448	0.000806	0.005073	0.010367
2431.80	0	-0.000606	-0.000804	0.003063	0.005909	0.008717	0.011818	0.014970
2439.52	0	0.000730	0.000870	-0.002566	-0.001524	0.000851	0.004277	0.007997
2447.24	0	0.000078	0.000192	0.002955	0.005046	0.007607	0.010800	0.014042
2454.96	0	0.000166	0.000114	-0.001301	-0.000136	0.001619	0.003893	0.006197
2462.68	0	0.000246	0.000377	-0.000340	0.000080	0.000743	0.001613	0.002479
2470.40	0	-0.000062	-0.000035	-0.001595	-0.001315	-0.000800	-0.000235	0.000302
2478.12	0	-0.000256	-0.000327	-0.002162	-0.001924	-0.001482	-0.001072	-0.000627
2485.84	0	-0.000239	-0.000257	-0.001217	-0.001271	-0.001099	-0.000952	-0.000819
2493.56	0	-0.000568	-0.000728	-0.001858	-0.001642	-0.001317	-0.001135	-0.001039
2501.28	0	-0.000250	-0.000294	-0.001578	-0.001790	-0.001752	-0.001812	-0.001839
2509.00	0	-0.000527	-0.000679	-0.001211	-0.001074	-0.000932	-0.000915	-0.001004
2516.72	0	-0.000368	-0.000466	-0.001885	-0.002005	-0.001959	-0.001941	-0.001997
2524.44	0	-0.000459	-0.000557	-0.001134	-0.001135	-0.001101	-0.001146	-0.001316
2532.16	0	-0.000451	-0.000568	-0.001917	-0.001990	-0.001946	-0.001999	-0.002127
2539.88	0	-0.000380	-0.000498	-0.001472	-0.001566	-0.001605	-0.001748	-0.001962
2547.60	0	-0.000409	-0.000527	-0.001542	-0.001618	-0.001655	-0.001785	-0.001996
2555.32	0	-0.000428	-0.000519	-0.001577	-0.001659	-0.001693	-0.001818	-0.002030
2563.04	0	-0.000356	-0.000439	-0.001329	-0.001455	-0.001519	-0.001667	-0.001925
2570.76	0	-0.000440	-0.000541	-0.001498	-0.001572	-0.001573	-0.001647	-0.001870
2578.48	0	-0.000294	-0.000377	-0.001449	-0.001627	-0.001677	-0.001770	-0.002012
2586.20	0	-0.000387	-0.000507	-0.001344	-0.001415	-0.001396	-0.001434	-0.001644
2593.92	0	-0.000287	-0.000370	-0.001544	-0.001674	-0.001677	-0.001702	-0.001853
2601.64	0	-0.000343	-0.000408	-0.001284	-0.001296	-0.001269	-0.001281	-0.001481
2609.36	0	-0.000345	-0.000428	-0.001536	-0.001582	-0.001631	-0.001643	-0.001854
2617.08	0	-0.000280	-0.000383	-0.001394	-0.001440	-0.001506	-0.001594	-0.001817
2624.80	0	-0.000337	-0.000421	-0.001435	-0.001469	-0.001466	-0.001439	-0.001689
2632.52	0	-0.000357	-0.000432	-0.001529	-0.001494	-0.001510	-0.001435	-0.001656
2640.24	0	-0.000283	-0.000339	-0.001397	-0.001400	-0.001445	-0.001443	-0.001687
2647.96	0	-0.000340	-0.000425	-0.001416	-0.001451	-0.001513	-0.001485	-0.001790
2655.68	0	-0.000275	-0.000370	-0.001466	-0.001514	-0.001661	-0.001682	-0.001967
2663.40	0	-0.000352	-0.000447	-0.001378	-0.001362	-0.001505	-0.001558	-0.001854
2671.12	0	-0.000324	-0.000420	-0.001512	-0.001543	-0.001698	-0.001753	-0.002060
2678.84	0	-0.000306	-0.000393	-0.001419	-0.001458	-0.001578	-0.001596	-0.001891
2686.56	0	-0.000288	-0.000413	-0.001395	-0.001482	-0.001639	-0.001684	-0.001993
2694.28	0	-0.000289	-0.000385	-0.001385	-0.001445	-0.001593	-0.001642	-0.001977
2702.00	0	-0.000290	-0.000387	-0.001538	-0.001584	-0.001695	-0.001732	-0.002044
2709.72	0	-0.000281	-0.000368	-0.001520	-0.001557	-0.001665	-0.001739	-0.002042
2717.44	0	-0.000331	-0.000389	-0.001425	-0.001460	-0.001590	-0.001663	-0.001969
2725.16	0	-0.000361	-0.000469	-0.001475	-0.001481	-0.001614	-0.001663	-0.002016
2732.88	0	-0.000284	-0.000392	-0.001520	-0.001529	-0.001659	-0.001686	-0.002079
2740.60	0	-0.000364	-0.000422	-0.001445	-0.001406	-0.001521	-0.001538	-0.001887
2748.32	0	-0.000355	-0.000424	-0.001416	-0.001474	-0.001602	-0.001617	-0.001991
2756.04	0	-0.000336	-0.000445	-0.001324	-0.001326	-0.001495	-0.001516	-0.001927
2763.76	0	-0.000347	-0.000447	-0.001472	-0.001486	-0.001630	-0.001663	-0.002018
2771.48	0	-0.000359	-0.000438	-0.001373	-0.001431	-0.001549	-0.001560	-0.001912
2779.20	0	-0.000320	-0.000390	-0.001390	-0.001416	-0.001546	-0.001555	-0.001930
2786.92	0	-0.000332	-0.000452	-0.001377	-0.001359	-0.001541	-0.001565	-0.001968
2794.64	0	-0.000353	-0.000444	-0.001347	-0.001336	-0.001536	-0.001538	-0.001916
2802.36	0	-0.000355	-0.000436	-0.001532	-0.001501	-0.001681	-0.001639	-0.002039
2810.08	0	-0.000316	-0.000438	-0.001462	-0.001435	-0.001676	-0.001658	-0.002039
2817.80	0	-0.000369	-0.000451	-0.001397	-0.001378	-0.001593	-0.001594	-0.001938
2825.52	0	-0.000350	-0.000422	-0.001483	-0.001465	-0.001720	-0.001686	-0.002073
2833.24	0	-0.000342	-0.000445	-0.001394	-0.001338	-0.001614	-0.001577	-0.001977
2840.96	0	-0.000334	-0.000438	-0.001480	-0.001422	-0.001706	-0.001675	-0.002075
2848.68	0	-0.000319	-0.000435	-0.001366	-0.001349	-0.001641	-0.001597	-0.002034
2856.40	0	-0.000355	-0.000441	-0.001435	-0.001378	-0.001661	-0.001597	-0.002044
2864.12	0	-0.000375	-0.000471	-0.001477	-0.001371	-0.001709	-0.001654	-0.002116
2871.84	0	-0.000342	-0.000417	-0.001367	-0.001342	-0.001658	-0.001595	-0.002069
2879.56	0	-0.000354	-0.000451	-0.001406	-0.001401	-0.001675	-0.001634	-0.002080
2887.28	0	-0.000334	-0.000463	-0.001428	-0.001409	-0.001713	-0.001637	-0.002077
2895.00	0	-0.000380	-0.000478	-0.001408	-0.001373	-0.001657	-0.001575	-0.002016
2902.72	0	-0.000385	-0.000484	-0.001536	-0.001529	-0.001771	-0.001753	-0.002117
2910.44	0	-0.000390	-0.000523	-0.001495	-0.001474	-0.001711	-0.001703	-0.001999
2918.16	0	-0.000363	-0.000499	-0.001393	-0.001421	-0.001671	-0.001680	-0.002026
2925.88	0	-0.000380	-0.000484	-0.001430	-0.001445	-0.001648	-0.001710	-0.002092
2933.60	0	-0.000413	-0.000482	-0.001573	-0.001472	-0.001698	-0.001642	-0.002024
2941.32	0	-0.000398	-0.000467	-0.001490	-0.001392	-0.001655	-0.001605	-0.001973
2949.04	0	-0.000409	-0.000512	-0.001380	-0.001321	-0.001602	-0.001612	-0.002024
2956.76	0	-0.000473	-0.000542	-0.001511	-0.001432	-0.001710	-0.001616	-0.002099
2964.48	0	-0.000444	-0.000514	-0.001490	-0.001384	-0.001689	-0.001558	-0.002015
2972.20	0	-0.000428	-0.000509	-0.001492	-0.001399	-0.001692	-0.001603	-0.001973
2979.92	0	-0.000435	-0.000481	-0.001576	-0.001499	-0.001747	-0.001655	-0.002113
2987.64	0	-0.000445	-0.000525	-0.001591	-0.001483	-0.001781	-0.001618	-0.002109
2995.36	0	-0.000446	-0.000514	-0.001650	-0.001584	-0.001840	-0.001718	-0.002193
3003.08	0	-0.000412	-0.000493	-0.001633	-0.001452	-0.001663	-0.001571	-0.002139
3010.80	0	-0.000393	-0.000532	-0.001515	-0.001392	-0.001698	-0.001562	-0.002087
3018.52	0	-0.000395	-0.000535	-0.001491	-0.001429	-0.001713	-0.001623	-0.002113
3026.24	0	-0.000350	-0.000490	-0.001537	-0.001390	-0.001610	-0.001578	-0.002109
3033.96	0	-0.000378	-0.000508	-0.001552	-0.001412	-0.001700	-0.001574	-0.002144
3041.68	0	-0.000355	-0.000497	-0.001519	-0.001312	-0.001694	-0.001546	-0.002087
3049.40	0	-0.000393	-0.000536	-0.001481	-0.001334	-0.001664	-0.001586	-0.002092
3057.12	0	-0.000409	-0.000517	-0.001513	-0.001446	-0.001733	-0.001660	-0.002147
3064.84	0	-0.000413	-0.000558	-0.001548	-0.001421	-0.001733	-0.001590	-0.002123
3072.56	0	-0.000426	-0.000524	-0.001560	-0.001504	-0.001741	-0.001610	-0.002212
3080.28	0	-0.000418	-0.000504	-0.001522	-0.001334	-0.001630	-0.001628	-0.002155
3088.00	0	-0.000407	-0.000531	-0.001538	-0.001305	-0.001706	-0.001639	-0.002115
3095.72	0	-0.000399	-0.000511	-0.001630	-0.001440	-0.001814	-0.001713	-0.002210
3103.44	0	-0.000390	-0.000491	-0.001576	-0.001342	-0.001729	-0.001602	-0.002132
3111.16	0	-0.000367	-0.000543	-0.001587	-0.001372	-0.001760	-0.001527	-0.002127
3118.88	0	-0.000372	-0.000538	-0.001564	-0.001312	-0.001673	-0.001547	-0.002153
3126.60	0	-0.000387	-0.000528	-0.001592	-0.001366	-0.001768	-0.001598	-0.002186
3134.32	0	-0.000389	-0.000531	-0.001540	-0.001386	-0.001805	-0.001625	-0.002176
3142.04	0	-0.000417	-0.000535	-0.001436	-0.001297	-0.001694	-0.001534	-0.002056
3149.76	0	-0.000381	-0.000513	-0.001545	-0.001342	-0.001749	-0.001534	-0.001926
3157.48	0	-0.000398	-0.000531	-0.001469	-0.001230	-0.001619	-0.001461	-0.001878
3165.20	0	-0.000442	-0.000575	-0.001487	-0.001291	-0.001672	-0.001443	-0.001933
3172.92	0	-0.000446	-0.000581	-0.001540	-0.001336	-0.001757	-0.001502	-0.002029
3180.64	0	-0.000452	-0.000548	-0.001449	-0.001318	-0.001661	-0.001479	-0.002058
3188.36	0	-0.000427	-0.000551	-0.001614	-0.001433	-0.001774	-0.001596	-0.002131
3196.08	0	-0.000376	-0.000502	-0.001523	-0.001323	-0.001734	-0.001447	-0.002003
3203.80	0	-0.000422	-0.000548	-0.001510	-0.001375	-0.001679	-0.001397	-0.001903
3211.52	0	-0.000398	-0.000568	-0.001567	-0.001339	-0.001653	-0.001386	-0.001917
3219.24	0	-0.000445	-0.000531	-0.001432	-0.001227	-0.001537	-0.001324	-0.001811
3226.96	0	-0.000404	-0.000505	-0.001469	-0.001280	-0.001615	-0.001452	-0.001959
3234.68	0	-0.000379	-0.000495	-0.001438	-0.001224	-0.001580	-0.001400	-0.001957
3242.40	0	-0.000440	-0.000528	-0.001364	-0.001228	-0.001576	-0.001415	-0.001960
3250.12	0	-0.000429	-0.000591	-0.001506	-0.001270	-0.001767	-0.001519	-0.002081
3257.84	0	-0.000403	-0.000522	-0.001439	-0.001146	-0.001550	-0.001417	-0.001867
3265.56	0	-0.000405	-0.000539	-0.001457	-0.001256	-0.001630	-0.001474	-0.001984
3273.28	0	-0.000394	-0.000516	-0.001398	-0.001156	-0.001525	-0.001301	-0.001798
3281.00	0	-0.000429	-0.000551	-0.001424	-0.001253	-0.001514	-0.001275	-0.001851
3288.72	0	-0.000447	-0.000617	-0.001463	-0.001224	-0.001550	-0.001218	-0.001701
3296.44	0	-0.000483	-0.000561	-0.001362	-0.001054	-0.001311	-0.000908	-0.001293
3304.16	0	-0.000424	-0.000518	-0.001335	-0.000950	-0.001071	-0.000594	-0.000853
3311.88	0	-0.000445	-0.000541	-0.001299	-0.000756	-0.000886	-0.000377	-0.000521
3319.60	0	-0.000480	-0.000512	-0.001304	-0.000942	-0.001038	-0.000536	-0.000788
3327.32	0	-0.000372	-0.000550	-0.001561	-0.001224	-0.001464	-0.001158	-0.001514
3335.04	0	-0.000344	-0.000508	-0.001331	-0.001028	-0.001275	-0.001006	-0.001484
3342.76	0	-0.000479	-0.000545	-0.001454	-0.001086	-0.001303	-0.000858	-0.001210
3350.48	0	-0.000416	-0.000483	-0.001267	-0.000829	-0.001032	-0.000538	-0.000828
3358.20	0	-0.000372	-0.000508	-0.001028	-0.000483	-0.000353	0.000417	0.000499
3365.92	0	-0.000395	-0.000532	-0.000857	-0.000063	0.000209	0.001249	0.001567
3373.64	0	-0.000449	-0.000552	-0.000751	0.000017	0.000293	0.001308	0.001548
3381.36	0	-0.000418	-0.000557	-0.000942	-0.000411	-0.000339	0.000459	0.000476
3389.08	0	-0.000424	-0.000565	-0.000985	-0.000477	-0.000630	-0.000113	-0.000333
3396.80	0	-0.000393	-0.000554	-0.000942	-0.000503	-0.000727	-0.000369	-0.000725
3404.52	0	-0.000449	-0.000593	-0.001073	-0.000669	-0.000858	-0.000524	-0.000931
3412.24	0	-0.000397	-0.000523	-0.000798	-0.000379	-0.000533	-0.000072	-0.000406
3419.96	0	-0.000387	-0.000497	-0.000899	-0.000482	-0.000565	0.000007	-0.000182
3427.68	0	-0.000371	-0.000501	-0.000665	-0.000002	0.000104	0.000870	0.000954
3435.40	0	-0.000444	-0.000517	-0.000535	0.000238	0.000561	0.001711	0.002147
3443.12	0	-0.000380	-0.000475	-0.000072	0.001083	0.001743	0.003341	0.004263
3450.84	0	-0.000345	-0.000536	0.000367	0.002186	0.003477	0.005925	0.007635
3458.56	0	-0.000475	-0.000569	0.000931	0.003330	0.005473	0.008956	0.011766
3466.28	0	-0.000406	-0.000521	0.002033	0.005504	0.009076	0.014245	0.018752
3474.00	0	-0.000366	-0.000423	0.003891	0.009041	0.014999	0.023266	0.030939
3481.72	0	-0.000334	-0.000452	0.006488	0.014450	0.024058	0.036926	0.049074
3489.44	0	-0.000237	-0.000276	0.010729	0.022843	0.037539	0.056915	0.075301
3497.16	0	-0.000216	-0.000196	0.015673	0.033330	0.054995	0.083110	0.110113
3504.88	0	0.000123	0.000307	0.026670	0.054373	0.088014	0.130405	0.170608
3512.60	0	0.000200	0.000661	0.043120	0.086611	0.139038	0.203906	0.264940
3520.32	0	0.000555	0.001348	0.063755	0.125893	0.199680	0.289916	0.373827
3528.04	0	0.001117	0.002238	0.090613	0.178013	0.279999	0.402119	0.513831
3535.76	0	0.001957	0.004182	0.139366	0.258061	0.387593	0.535646	0.667815
3543.48	0	0.003223	0.006470	0.203441	0.366958	0.541309	0.737502	0.908234
3551.20	0	0.005084	0.010207	0.276653	0.484085	0.712263	0.986849	1.238996
3558.92	0	0.007325	0.014795	0.349639	0.586038	0.832786	1.115504	1.351287
3566.64	0	0.011004	0.021456	0.454669	0.754090	1.066814	1.425591	1.659436
3574.36	0	0.012389	0.024460	0.472882	0.793047	1.125936	1.497201	1.716997
3582.08	0	0.014422	0.027604	0.447473	0.767657	1.119717	1.532866	1.800103
3589.80	0	0.023529	0.043687	0.614220	1.011485	1.425023	1.868123	1.943619
3597.52	0	0.030691	0.057530	0.832275	1.407417	1.878384	2.035705	1.983756
3605.24	0	0.026911	0.050928	0.717777	1.149499	1.588036	2.027074	2.046014
3612.96	0	0.011191	0.021764	0.404079	0.664835	0.938130	1.253286	1.514349
3620.68	0	0.014667	0.027687	0.422433	0.722702	1.054142	1.437739	1.717024
3628.40	0	0.031782	0.057817	0.649820	1.100496	1.632629	2.103325	2.053619
3636.12	0	0.028260	0.052051	0.592747	0.987518	1.427111	1.914220	2.056859
3643.84	0	0.016533	0.031622	0.459511	0.758966	1.092044	1.485334	1.798249
3651.56	0	0.004693	0.008990	0.261176	0.451213	0.655828	0.891868	1.103207
3659.28	0	0.003108	0.006306	0.160754	0.282709	0.414566	0.565775	0.702777
3667.00	0	0.004771	0.009450	0.184180	0.299124	0.419998	0.558877	0.685171
3674.72	0	0.010917	0.020394	0.298897	0.490748	0.692240	0.921547	1.118061
3682.44	0	0.018954	0.035475	0.494682	0.820417	1.167045	1.565788	1.814930
3690.16	0	0.026747	0.049057	0.719723	1.211883	1.635213	1.929653	1.892096
3697.88	0	0.036939	0.066612	0.881516	1.492750	1.886042	2.008279	1.935141
3705.60	0	0.041070	0.075177	0.973190	1.581877	1.869024	1.982076	1.915622
3713.32	0	0.025485	0.048824	0.795800	1.296023	1.677216	1.879324	1.827855
3721.04	0	0.024973	0.047180	0.717644	1.186983	1.620087	1.906259	1.857165
3728.76	0	0.050670	0.091163	1.150585	1.767598	1.797499	1.841737	1.790392
3736.48	0	0.053156	0.096858	1.342887	1.785655	1.729564	1.727485	1.699252
3744.20	0	0.039140	0.074696	1.166837	1.655958	1.683201	1.709128	1.682114
3751.92	0	0.014178	0.027683	0.591119	1.026682	1.616609	1.640317	1.520921
3759.64	0	0.001587	0.003305	0.152414	0.276817	0.404177	0.540961	0.657686
3767.36	0	0.000399	0.000798	0.013208	0.028055	0.047581	0.073006	0.096453
3775.08	0	-0.000625	-0.001120	-0.002721	-0.004137	-0.006793	-0.008979	-0.010948
3782.80	0	0.000143	0.000223	0.001852	0.004010	0.006319	0.009106	0.010788
3790.52	0	-0.000357	-0.000536	-0.002673	-0.003387	-0.003949	-0.003611	-0.003413
3798.24	0	0.000136	0.000017	0.001470	0.003336	0.004929	0.007248	0.008527
3805.96	0	-0.000134	-0.000324	-0.001338	-0.001562	-0.001612	-0.000330	0.000674
3813.68	0	-0.000099	-0.000215	-0.000559	0.000213	0.000500	0.001197	0.001276
3821.40	0	0.000080	-0.000120	-0.001120	-0.000706	-0.000530	0.000783	0.001573
3829.12	0	-0.000137	-0.000240	-0.000819	0.000463	0.001548	0.003640	0.005240
3836.84	0	-0.000020	-0.000351	-0.001251	-0.000100	0.000963	0.003303	0.004894
3844.56	0	-0.000075	-0.000372	-0.001753	-0.001467	-0.001446	-0.000284	0.000147
3852.28	0	-0.000192	-0.000594	-0.002320	-0.002093	-0.002347	-0.001809	-0.001983
3860.00	0	-0.000183	-0.000507	-0.001837	-0.001803	-0.002356	-0.001921	-0.002345
3867.72	0	-0.000167	-0.000611	-0.002263	-0.002284	-0.002876	-0.002632	-0.003084
3875.44	0	-0.000170	-0.000472	-0.001568	-0.001270	-0.001542	-0.001032	-0.001271
3883.16	0	-0.000236	-0.000563	-0.002300	-0.002217	-0.002733	-0.002377	-0.002740
3890.88	0	-0.000266	-0.000550	-0.001965	-0.001749	-0.002091	-0.001879	-0.002190
3898.60	0	-0.000199	-0.000489	-0.002123	-0.002147	-0.002664	-0.002342	-0.002749
3906.32	0	-0.000250	-0.000558	-0.001937	-0.001847	-0.002529	-0.002367	-0.002826
3914.04	0	-0.000382	-0.000620	-0.001872	-0.001758	-0.002053	-0.001905	-0.002410
3921.76	0	-0.000187	-0.000509	-0.001769	-0.001818	-0.002256	-0.001908	-0.002464
3929.48	0	-0.000290	-0.000580	-0.001686	-0.001426	-0.001830	-0.001702	-0.002249
3937.20	0	-0.000276	-0.000488	-0.001601	-0.001379	-0.001768	-0.001515	-0.002011
3944.92	0	-0.000267	-0.000517	-0.001789	-0.001725	-0.002088	-0.001954	-0.002386
3952.64	0	-0.000248	-0.000496	-0.001505	-0.001201	-0.001501	-0.001307	-0.001791
3960.36	0	-0.000353	-0.000530	-0.001825	-0.001676	-0.002013	-0.001825	-0.002286
3968.08	0	-0.000370	-0.000483	-0.001653	-0.001434	-0.001772	-0.001556	-0.002101
3975.80	0	-0.000324	-0.000518	-0.001688	-0.001464	-0.001881	-0.001589	-0.002146
3983.52	0	-0.000306	-0.000500	-0.001789	-0.001545	-0.001866	-0.001762	-0.002296
3991.24	0	-0.000308	-0.000487	-0.001729	-0.001487	-0.001949	-0.001744	-0.002140
3998.96	0	-0.000374	-0.000521	-0.001743	-0.001476	-0.001794	-0.001574	-0.002103
4006.68	0	-0.000375	-0.000555	-0.001732	-0.001429	-0.001819	-0.001556	-0.002045
4014.40	0	-0.000263	-0.000460	-0.001768	-0.001614	-0.001928	-0.001737	-0.002279
4022.12	0	-0.000298	-0.000512	-0.001978	-0.001612	-0.001817	-0.001545	-0.002053
4029.84	0	-0.000316	-0.000499	-0.001646	-0.001194	-0.001515	-0.001008	-0.001238
4037.56	0	-0.000351	-0.000534	-0.001975	-0.001760	-0.002267	-0.001903	-0.002568
4045.28	0	-0.000320	-0.000489	-0.001874	-0.001579	-0.001955	-0.001692	-0.002331
4053.00	0	-0.000356	-0.000526	-0.001880	-0.001664	-0.001878	-0.001794	-0.002309
4060.72	0	-0.000341	-0.000563	-0.002010	-0.001776	-0.002090	-0.001929	-0.002442
4068.44	0	-0.000361	-0.000567	-0.001862	-0.001618	-0.001997	-0.001643	-0.002237
4076.16	0	-0.000329	-0.000519	-0.001908	-0.001578	-0.002090	-0.001775	-0.002515
4083.88	0	-0.000402	-0.000542	-0.001844	-0.001646	-0.001916	-0.001754	-0.002314
4091.60	0	-0.000405	-0.000528	-0.001767	-0.001488	-0.001800	-0.001536	-0.002184
4099.32	0	-0.000408	-0.000567	-0.001760	-0.001459	-0.001763	-0.001704	-0.002285
4107.04	0	-0.000430	-0.000591	-0.001483	-0.001283	-0.001580	-0.001471	-0.002128
4114.76	0	-0.000379	-0.000577	-0.001708	-0.001362	-0.001940	-0.001585	-0.002291
4122.48	0	-0.000400	-0.000581	-0.001609	-0.001356	-0.001721	-0.001379	-0.002061
4130.20	0	-0.000386	-0.000606	-0.001718	-0.001445	-0.001837	-0.001684	-0.002298
4137.92	0	-0.000353	-0.000557	-0.001688	-0.001412	-0.001826	-0.001508	-0.002129
4145.64	0	-0.000337	-0.000543	-0.001807	-0.001457	-0.001913	-0.001582	-0.001903
4153.36	0	-0.000359	-0.000567	-0.001732	-0.001515	-0.001687	-0.001899	-0.001943
4161.08	0	-0.000421	-0.000592	-0.001340	-0.001703	-0.001408	-0.001568	-0.001821
4168.80	0	-0.000463	-0.000637	-0.001676	-0.001719	-0.001691	-0.001820	-0.001927
4176.52	0	-0.000488	-0.000741	-0.001704	-0.001851	-0.001848	-0.001966	-0.002228
4184.24	0	-0.000394	-0.000650	-0.001625	-0.001919	-0.001872	-0.001950	-0.002143
4191.96	0	-0.000419	-0.000598	-0.001818	-0.001707	-0.001886	-0.001921	-0.001981
4199.68	0	-0.000443	-0.000604	-0.001558	-0.001680	-0.001835	-0.001851	-0.001989
4207.40	0	-0.000448	-0.000652	-0.001866	-0.001910	-0.001992	-0.002110	-0.002204
4215.12	0	-0.000412	-0.000700	-0.001759	-0.001821	-0.001843	-0.001932	-0.002174
4222.84	0	-0.000417	-0.000604	-0.001753	-0.001763	-0.001857	-0.002025	-0.002129
4230.56	0	-0.000463	-0.000611	-0.001846	-0.001733	-0.001825	-0.002074	-0.002222
4238.28	0	-0.000469	-0.000703	-0.001656	-0.001659	-0.001736	-0.001740	-0.002167