Ethene
Golfgetal [cm-1]	ppm		ppm	ppm	ppm	ppm
cm-1	0	10  20  50  100
 594.44	0	-0.007212	0.000889	-0.001988	0.010019
 602.16	0	-0.001210	0.008012	0.002785	0.003201
 609.88	0	0.003641	0.008059	0.010568	0.001580
 617.60	0	-0.000647	0.006466	0.004473	0.007779
 625.32	0	-0.000797	0.001299	0.005626	0.003848
 633.04	0	-0.003111	0.003066	0.001960	-0.001053
 640.76	0	0.001056	0.006786	0.007245	0.009401
 648.48	0	0.001905	0.006677	0.001630	0.008529
 656.20	0	-0.000349	0.004901	0.002850	0.001691
 663.92	0	0.000594	0.003495	0.006010	0.002622
 671.64	0	-0.002752	-0.002960	0.002661	-0.010090
 679.36	0	-0.002799	-0.004036	0.012490	-0.000114
 687.08	0	0.000432	0.003005	0.009726	0.005310
 694.80	0	-0.002688	0.003880	-0.007687	-0.002649
 702.52	0	0.003582	0.008356	0.002624	0.008960
 710.24	0	0.002609	0.007637	0.010175	0.007492
 717.96	0	0.000245	0.002826	-0.000052	0.007967
 725.68	0	-0.000331	0.005812	-0.001426	-0.001610
 733.40	0	0.002508	0.006998	0.007583	0.010511
 741.12	0	0.000880	0.000058	0.002059	0.007944
 748.84	0	0.003747	0.004158	0.003525	0.001048
 756.56	0	0.002370	0.002428	0.004635	0.004622
 764.28	0	-0.002726	-0.000103	0.000056	0.001617
 772.00	0	0.001753	0.003540	0.004228	0.003368
 779.72	0	0.002055	0.001661	-0.000049	0.001609
 787.44	0	-0.000501	0.001274	0.000021	0.003125
 795.16	0	0.000255	0.001564	0.001587	0.002433
 802.88	0	0.000454	-0.000067	0.001191	0.002747
 810.60	0	0.000805	0.000965	0.001526	0.002952
 818.32	0	0.000247	0.000845	0.001085	0.003231
 826.04	0	0.000337	0.000398	0.002049	0.003367
 833.76	0	0.000318	0.001200	0.001814	0.003774
 841.48	0	0.000521	0.000861	0.001733	0.003642
 849.20	0	0.000862	0.000750	0.002084	0.003260
 856.92	0	0.000678	0.000851	0.001631	0.003213
 864.64	0	0.000281	0.000485	0.001362	0.002585
 872.36	0	-0.000107	0.000281	0.000907	0.001950
 880.08	0	0.000105	0.000285	0.000826	0.001683
 887.80	0	-0.000105	0.000261	0.000674	0.001172
 895.52	0	0.000110	0.000132	0.000416	0.000881
 903.24	0	0.000030	0.000085	0.000274	0.000576
 910.96	0	-0.000272	-0.000006	0.000064	0.000234
 918.68	0	-0.000048	-0.000067	0.000114	0.000075
 926.40	0	-0.000133	-0.000115	0.000038	-0.000122
 934.12	0	-0.000129	-0.000156	-0.000066	-0.000136
 941.84	0	-0.000085	-0.000072	-0.000090	-0.000066
 949.56	0	-0.000074	-0.000106	-0.000150	-0.000129
 957.28	0	-0.000125	-0.000081	-0.000030	-0.000160
 965.00	0	-0.000092	-0.000042	-0.000037	-0.000156
 972.72	0	-0.000101	-0.000104	-0.000118	-0.000253
 980.44	0	-0.000085	-0.000061	-0.000050	-0.000108
 988.16	0	-0.000050	-0.000061	-0.000058	-0.000148
 995.88	0	-0.000170	-0.000112	-0.000087	-0.000251
1003.60	0	-0.000195	-0.000116	-0.000114	-0.000223
1011.32	0	-0.000172	-0.000111	-0.000153	-0.000256
1019.04	0	-0.000114	-0.000052	-0.000094	-0.000171
1026.76	0	-0.000131	-0.000148	-0.000134	-0.000189
1034.48	0	-0.000109	-0.000171	-0.000177	-0.000171
1042.20	0	-0.000190	-0.000115	-0.000121	-0.000193
1049.92	0	-0.000217	-0.000167	-0.000160	-0.000270
1057.64	0	-0.000155	-0.000142	-0.000098	-0.000194
1065.36	0	-0.000218	-0.000137	-0.000117	-0.000183
1073.08	0	-0.000172	-0.000182	-0.000210	-0.000248
1080.80	0	-0.000142	-0.000169	-0.000102	-0.000184
1088.52	0	-0.000132	-0.000145	-0.000084	-0.000155
1096.24	0	-0.000149	-0.000162	-0.000146	-0.000198
1103.96	0	-0.000142	-0.000157	-0.000084	-0.000209
1111.68	0	-0.000162	-0.000180	-0.000121	-0.000205
1119.40	0	-0.000146	-0.000142	-0.000096	-0.000160
1127.12	0	-0.000197	-0.000131	-0.000107	-0.000170
1134.84	0	-0.000195	-0.000119	-0.000127	-0.000122
1142.56	0	-0.000156	-0.000128	-0.000105	-0.000140
1150.28	0	-0.000187	-0.000123	-0.000114	-0.000121
1158.00	0	-0.000182	-0.000145	-0.000078	-0.000088
1165.72	0	-0.000212	-0.000147	-0.000125	-0.000132
1173.44	0	-0.000201	-0.000139	-0.000137	-0.000124
1181.16	0	-0.000205	-0.000171	-0.000101	-0.000139
1188.88	0	-0.000195	-0.000140	-0.000115	-0.000112
1196.60	0	-0.000211	-0.000152	-0.000104	-0.000114
1204.32	0	-0.000194	-0.000122	-0.000049	-0.000090
1212.04	0	-0.000182	-0.000129	-0.000045	-0.000095
1219.76	0	-0.000185	-0.000161	-0.000079	-0.000081
1227.48	0	-0.000176	-0.000115	-0.000092	-0.000033
1235.20	0	-0.000208	-0.000131	-0.000081	-0.000075
1242.92	0	-0.000207	-0.000138	-0.000075	-0.000077
1250.64	0	-0.000212	-0.000136	-0.000081	-0.000081
1258.36	0	-0.000188	-0.000131	-0.000100	-0.000051
1266.08	0	-0.000174	-0.000116	-0.000089	-0.000011
1273.80	0	-0.000217	-0.000164	-0.000078	-0.000028
1281.52	0	-0.000211	-0.000142	-0.000074	-0.000013
1289.24	0	-0.000204	-0.000139	-0.000050	0.000017
1296.96	0	-0.000240	-0.000166	-0.000038	0.000040
1304.68	0	-0.000261	-0.000140	-0.000039	0.000065
1312.40	0	-0.000214	-0.000114	0.000015	0.000178
1320.12	0	-0.000174	-0.000080	0.000078	0.000321
1327.84	0	-0.000172	-0.000073	0.000071	0.000203
1335.56	0	0.000062	0.000115	0.000323	0.000562
1343.28	0	0.000363	0.000419	0.000585	0.000892
1351.00	0	0.000415	0.000475	0.000661	0.000927
1358.72	0	0.000391	0.000515	0.000956	0.001660
1366.44	0	0.000269	0.000508	0.001114	0.002048
1374.16	0	0.000224	0.000573	0.001507	0.002957
1381.88	0	0.000135	0.000460	0.001338	0.002740
1389.60	0	0.000108	0.000437	0.001289	0.002645
1397.32	0	0.000264	0.000763	0.002099	0.004309
1405.04	0	0.000284	0.000837	0.002339	0.004789
1412.76	0	0.000364	0.000917	0.002415	0.004890
1420.48	0	0.000378	0.000955	0.002513	0.005086
1428.20	0	0.000217	0.000773	0.002257	0.004656
1435.92	0	0.000311	0.000929	0.002608	0.005405
1443.64	0	0.000298	0.000963	0.002777	0.005727
1451.36	0	0.000410	0.001138	0.003134	0.006463
1459.08	0	0.000530	0.001334	0.003529	0.007242
1466.80	0	0.000442	0.001264	0.003495	0.007146
1474.52	0	0.000532	0.001371	0.003625	0.007412
1482.24	0	0.000323	0.000983	0.002738	0.005600
1489.96	0	0.000387	0.001034	0.002856	0.005877
1497.68	0	0.000377	0.001063	0.002892	0.005937
1505.40	0	0.000407	0.001114	0.002906	0.005992
1513.12	0	0.000474	0.001126	0.002917	0.006001
1520.84	0	0.000393	0.001022	0.002657	0.005430
1528.56	0	0.000272	0.000811	0.002241	0.004649
1536.28	0	0.000213	0.000726	0.002066	0.004283
1544.00	0	0.000226	0.000733	0.001982	0.004125
1551.72	0	0.000110	0.000487	0.001463	0.003088
1559.44	0	0.000140	0.000559	0.001526	0.003236
1567.16	0	-0.000019	0.000265	0.000960	0.002065
1574.88	0	-0.000061	0.000180	0.000772	0.001660
1582.60	0	-0.000091	0.000119	0.000589	0.001296
1590.32	0	-0.000167	0.000002	0.000318	0.000737
1598.04	0	-0.000135	0.000028	0.000330	0.000781
1605.76	0	-0.000187	-0.000059	0.000152	0.000398
1613.48	0	-0.000209	-0.000048	0.000199	0.000502
1621.20	0	-0.000204	-0.000071	0.000142	0.000433
1628.92	0	-0.000213	-0.000107	0.000067	0.000277
1636.64	0	-0.000195	-0.000077	0.000137	0.000393
1644.36	0	-0.000188	-0.000079	0.000086	0.000313
1652.08	0	-0.000127	0.000019	0.000324	0.000838
1659.80	0	-0.000202	-0.000092	0.000108	0.000364
1667.52	0	-0.000246	-0.000156	-0.000048	0.000054
1675.24	0	-0.000195	-0.000084	0.000108	0.000378
1682.96	0	-0.000163	-0.000018	0.000190	0.000545
1690.68	0	-0.000194	-0.000073	0.000089	0.000385
1698.40	0	-0.000119	0.000032	0.000295	0.000804
1706.12	0	-0.000191	-0.000087	0.000094	0.000346
1713.84	0	-0.000183	-0.000086	0.000107	0.000389
1721.56	0	-0.000201	-0.000081	0.000106	0.000384
1729.28	0	-0.000215	-0.000110	0.000018	0.000191
1737.00	0	-0.000141	0.000019	0.000249	0.000668
1744.72	0	-0.000205	-0.000125	0.000002	0.000161
1752.44	0	-0.000125	-0.000020	0.000171	0.000470
1760.16	0	-0.000195	-0.000111	0.000026	0.000177
1767.88	0	-0.000173	-0.000100	0.000080	0.000294
1775.60	0	-0.000199	-0.000091	0.000100	0.000329
1783.32	0	-0.000222	-0.000127	-0.000022	0.000071
1791.04	0	-0.000183	-0.000087	0.000058	0.000254
1798.76	0	-0.000206	-0.000136	0.000015	0.000177
1806.48	0	-0.000215	-0.000147	-0.000016	0.000110
1814.20	0	-0.000251	-0.000171	-0.000080	-0.000026
1821.92	0	-0.000212	-0.000138	-0.000033	0.000043
1829.64	0	-0.000200	-0.000137	-0.000012	0.000140
1837.36	0	-0.000227	-0.000165	-0.000095	-0.000046
1845.08	0	-0.000193	-0.000109	0.000002	0.000128
1852.80	0	-0.000256	-0.000182	-0.000105	-0.000057
1860.52	0	-0.000270	-0.000205	-0.000161	-0.000184
1868.24	0	-0.000238	-0.000152	-0.000059	0.000018
1875.96	0	-0.000275	-0.000203	-0.000125	-0.000129
1883.68	0	-0.000274	-0.000213	-0.000141	-0.000177
1891.40	0	-0.000242	-0.000180	-0.000137	-0.000122
1899.12	0	-0.000238	-0.000198	-0.000153	-0.000144
1906.84	0	-0.000294	-0.000219	-0.000174	-0.000192
1914.56	0	-0.000280	-0.000195	-0.000123	-0.000143
1922.28	0	-0.000269	-0.000191	-0.000122	-0.000087
1930.00	0	-0.000285	-0.000228	-0.000178	-0.000217
1937.72	0	-0.000283	-0.000225	-0.000156	-0.000192
1945.44	0	-0.000265	-0.000210	-0.000134	-0.000128
1953.16	0	-0.000254	-0.000236	-0.000157	-0.000186
1960.88	0	-0.000299	-0.000243	-0.000166	-0.000189
1968.60	0	-0.000269	-0.000240	-0.000133	-0.000155
1976.32	0	-0.000291	-0.000245	-0.000166	-0.000191
1984.04	0	-0.000290	-0.000232	-0.000149	-0.000180
1991.76	0	-0.000265	-0.000223	-0.000130	-0.000113
1999.48	0	-0.000287	-0.000238	-0.000156	-0.000183
2007.20	0	-0.000287	-0.000242	-0.000157	-0.000175
2014.92	0	-0.000279	-0.000229	-0.000164	-0.000146
2022.64	0	-0.000275	-0.000232	-0.000150	-0.000135
2030.36	0	-0.000281	-0.000232	-0.000150	-0.000153
2038.08	0	-0.000287	-0.000214	-0.000137	-0.000166
2045.80	0	-0.000299	-0.000243	-0.000171	-0.000154
2053.52	0	-0.000283	-0.000242	-0.000183	-0.000185
2061.24	0	-0.000279	-0.000234	-0.000141	-0.000181
2068.96	0	-0.000279	-0.000234	-0.000165	-0.000161
2076.68	0	-0.000282	-0.000231	-0.000195	-0.000199
2084.40	0	-0.000282	-0.000244	-0.000170	-0.000222
2092.12	0	-0.000292	-0.000250	-0.000198	-0.000202
2099.84	0	-0.000265	-0.000259	-0.000192	-0.000217
2107.56	0	-0.000274	-0.000249	-0.000180	-0.000217
2115.28	0	-0.000297	-0.000268	-0.000205	-0.000207
2123.00	0	-0.000266	-0.000253	-0.000176	-0.000196
2130.72	0	-0.000285	-0.000248	-0.000173	-0.000204
2138.44	0	-0.000272	-0.000252	-0.000185	-0.000217
2146.16	0	-0.000284	-0.000239	-0.000176	-0.000182
2153.88	0	-0.000297	-0.000246	-0.000167	-0.000173
2161.60	0	-0.000267	-0.000227	-0.000170	-0.000170
2169.32	0	-0.000279	-0.000238	-0.000172	-0.000171
2177.04	0	-0.000263	-0.000246	-0.000167	-0.000114
2184.76	0	-0.000274	-0.000230	-0.000169	-0.000099
2192.48	0	-0.000272	-0.000226	-0.000144	-0.000091
2200.20	0	-0.000247	-0.000227	-0.000115	-0.000063
2207.92	0	-0.000255	-0.000217	-0.000116	-0.000035
2215.64	0	-0.000257	-0.000217	-0.000126	-0.000012
2223.36	0	-0.000274	-0.000222	-0.000113	-0.000023
2231.08	0	-0.000258	-0.000194	-0.000100	0.000001
2238.80	0	-0.000257	-0.000215	-0.000112	-0.000017
2246.52	0	-0.000266	-0.000207	-0.000122	-0.000043
2254.24	0	-0.000237	-0.000188	-0.000110	-0.000003
2261.96	0	-0.000276	-0.000250	-0.000160	-0.000046
2269.68	0	-0.000265	-0.000221	-0.000155	-0.000069
2277.40	0	-0.000251	-0.000198	-0.000136	-0.000006
2285.12	0	-0.000282	-0.000211	-0.000126	0.000017
2292.84	0	-0.000260	-0.000192	-0.000084	0.000085
2300.56	0	-0.000268	-0.000206	-0.000085	0.000239
2308.28	0	-0.000312	-0.000210	-0.000062	0.000381
2316.00	0	-0.000364	-0.000234	-0.000046	0.000581
2323.72	0	-0.000417	-0.000292	-0.000055	0.000803
2331.44	0	-0.000440	-0.000299	-0.000033	0.000933
2339.16	0	-0.000485	-0.000329	-0.000069	0.000917
2346.88	0	-0.000375	-0.000251	-0.000040	0.000689
2354.60	0	-0.000398	-0.000282	-0.000071	0.000684
2362.32	0	-0.000565	-0.000371	-0.000047	0.001279
2370.04	0	-0.000491	-0.000301	0.000011	0.001261
2377.76	0	-0.000347	-0.000244	-0.000058	0.000618
2385.48	0	-0.000219	-0.000122	0.000035	0.000412
2393.20	0	-0.000179	-0.000085	0.000051	0.000367
2400.92	0	-0.000236	-0.000187	-0.000108	0.000079
2408.64	0	-0.000266	-0.000234	-0.000213	-0.000178
2416.36	0	-0.000239	-0.000215	-0.000224	-0.000164
2424.08	0	-0.000258	-0.000210	-0.000213	-0.000141
2431.80	0	-0.000260	-0.000228	-0.000236	-0.000184
2439.52	0	-0.000263	-0.000221	-0.000212	-0.000149
2447.24	0	-0.000281	-0.000204	-0.000211	-0.000149
2454.96	0	-0.000256	-0.000209	-0.000222	-0.000149
2462.68	0	-0.000253	-0.000201	-0.000191	-0.000150
2470.40	0	-0.000252	-0.000192	-0.000189	-0.000140
2478.12	0	-0.000245	-0.000184	-0.000212	-0.000152
2485.84	0	-0.000257	-0.000201	-0.000230	-0.000158
2493.56	0	-0.000268	-0.000210	-0.000219	-0.000161
2501.28	0	-0.000242	-0.000196	-0.000213	-0.000127
2509.00	0	-0.000232	-0.000164	-0.000222	-0.000113
2516.72	0	-0.000246	-0.000188	-0.000201	-0.000142
2524.44	0	-0.000256	-0.000185	-0.000216	-0.000111
2532.16	0	-0.000261	-0.000158	-0.000195	-0.000109
2539.88	0	-0.000233	-0.000180	-0.000186	-0.000114
2547.60	0	-0.000243	-0.000168	-0.000205	-0.000092
2555.32	0	-0.000234	-0.000168	-0.000167	-0.000085
2563.04	0	-0.000214	-0.000169	-0.000140	-0.000027
2570.76	0	-0.000264	-0.000162	-0.000178	-0.000049
2578.48	0	-0.000257	-0.000141	-0.000168	-0.000019
2586.20	0	-0.000229	-0.000160	-0.000166	0.000017
2593.92	0	-0.000224	-0.000111	-0.000112	0.000073
2601.64	0	-0.000227	-0.000104	-0.000084	0.000118
2609.36	0	-0.000228	-0.000125	-0.000075	0.000165
2617.08	0	-0.000216	-0.000088	-0.000032	0.000231
2624.80	0	-0.000200	-0.000046	-0.000006	0.000290
2632.52	0	-0.000218	-0.000055	-0.000014	0.000288
2640.24	0	-0.000175	-0.000048	0.000019	0.000348
2647.96	0	-0.000171	-0.000049	0.000004	0.000341
2655.68	0	-0.000203	-0.000065	0.000009	0.000334
2663.40	0	-0.000187	-0.000051	0.000042	0.000386
2671.12	0	-0.000203	-0.000047	0.000044	0.000404
2678.84	0	-0.000172	-0.000022	0.000045	0.000404
2686.56	0	-0.000160	0.000000	0.000082	0.000446
2694.28	0	-0.000211	-0.000024	0.000075	0.000401
2702.00	0	-0.000185	0.000010	0.000086	0.000502
2709.72	0	-0.000175	0.000023	0.000074	0.000498
2717.44	0	-0.000166	0.000061	0.000204	0.000694
2725.16	0	-0.000147	0.000078	0.000243	0.000797
2732.88	0	-0.000113	0.000133	0.000359	0.001043
2740.60	0	-0.000119	0.000139	0.000378	0.001032
2748.32	0	-0.000114	0.000185	0.000504	0.001311
2756.04	0	-0.000060	0.000282	0.000711	0.001749
2763.76	0	-0.000102	0.000212	0.000537	0.001381
2771.48	0	-0.000068	0.000290	0.000759	0.001874
2779.20	0	0.000021	0.000449	0.001123	0.002601
2786.92	0	-0.000042	0.000349	0.000836	0.002017
2794.64	0	-0.000095	0.000301	0.000657	0.001696
2802.36	0	-0.000062	0.000295	0.000697	0.001700
2810.08	0	-0.000017	0.000367	0.000882	0.002053
2817.80	0	-0.000006	0.000466	0.001059	0.002469
2825.52	0	0.000048	0.000551	0.001338	0.003036
2833.24	0	0.000144	0.000759	0.001792	0.003974
2840.96	0	0.000303	0.001128	0.002669	0.005702
2848.68	0	0.000516	0.001520	0.003641	0.007650
2856.40	0	0.001002	0.002477	0.005968	0.012284
2864.12	0	0.001457	0.003412	0.008326	0.017055
2871.84	0	0.002388	0.005316	0.013003	0.026435
2879.56	0	0.002690	0.005939	0.014565	0.029484
2887.28	0	0.002939	0.006454	0.015916	0.032192
2895.00	0	0.003575	0.007836	0.019310	0.039053
2902.72	0	0.002650	0.005895	0.014448	0.029256
2910.44	0	0.003423	0.007469	0.018314	0.037008
2918.16	0	0.005112	0.011006	0.027116	0.054683
2925.88	0	0.005826	0.012467	0.030748	0.061932
2933.60	0	0.006379	0.013527	0.033458	0.067434
2941.32	0	0.005471	0.011661	0.028791	0.058003
2949.04	0	0.005791	0.012380	0.030526	0.061520
2956.76	0	0.006530	0.013888	0.034215	0.068852
2964.48	0	0.005881	0.012576	0.030914	0.062148
2972.20	0	0.006869	0.014589	0.035795	0.071619
2979.92	0	0.007331	0.015460	0.037620	0.074204
2987.64	0	0.007067	0.014850	0.035853	0.070038
2995.36	0	0.006528	0.013827	0.033360	0.065363
3003.08	0	0.005825	0.012445	0.030347	0.060381
3010.80	0	0.005356	0.011518	0.028294	0.057008
3018.52	0	0.004597	0.010013	0.024441	0.049224
3026.24	0	0.004094	0.008979	0.021847	0.044149
3033.96	0	0.003485	0.007749	0.018697	0.037894
3041.68	0	0.002887	0.006468	0.015572	0.031583
3049.40	0	0.002330	0.005338	0.012901	0.026251
3057.12	0	0.001724	0.004195	0.009884	0.020214
3064.84	0	0.001261	0.003262	0.007562	0.015577
3072.56	0	0.000878	0.002437	0.005548	0.011549
3080.28	0	0.000535	0.001740	0.003755	0.007956
3088.00	0	0.000335	0.001334	0.002731	0.005864
3095.72	0	0.000189	0.000938	0.001747	0.003899
3103.44	0	0.000056	0.000722	0.001198	0.002759
3111.16	0	-0.000051	0.000577	0.000779	0.002019
3118.88	0	-0.000086	0.000479	0.000498	0.001524
3126.60	0	-0.000122	0.000447	0.000448	0.001252
3134.32	0	-0.000139	0.000405	0.000311	0.001022
3142.04	0	-0.000182	0.000358	0.000200	0.000841
3149.76	0	-0.000185	0.000374	0.000217	0.000786
3157.48	0	-0.000165	0.000369	0.000162	0.000718
3165.20	0	-0.000171	0.000383	0.000141	0.000755
3172.92	0	-0.000171	0.000375	0.000133	0.000653
3180.64	0	-0.000159	0.000383	0.000193	0.000731
3188.36	0	-0.000161	0.000389	0.000150	0.000728
3196.08	0	-0.000154	0.000410	0.000151	0.000709
3203.80	0	-0.000141	0.000433	0.000186	0.000789
3211.52	0	-0.000141	0.000396	0.000167	0.000753
3219.24	0	-0.000149	0.000466	0.000208	0.000831
3226.96	0	-0.000155	0.000509	0.000222	0.000843
3234.68	0	-0.000162	0.000446	0.000181	0.000738
3242.40	0	-0.000182	0.000432	0.000210	0.000806
3250.12	0	-0.000181	0.000457	0.000180	0.000737
3257.84	0	-0.000180	0.000470	0.000166	0.000758
3265.56	0	-0.000222	0.000431	0.000145	0.000675
3273.28	0	-0.000186	0.000459	0.000117	0.000620
3281.00	0	-0.000173	0.000451	0.000094	0.000609
3288.72	0	-0.000216	0.000460	0.000054	0.000533
3296.44	0	-0.000231	0.000477	0.000044	0.000479
3304.16	0	-0.000189	0.000461	0.000003	0.000465
3311.88	0	-0.000168	0.000495	-0.000015	0.000406
3319.60	0	-0.000251	0.000473	-0.000031	0.000355
3327.32	0	-0.000262	0.000450	-0.000082	0.000308
3335.04	0	-0.000227	0.000487	-0.000046	0.000324
3342.76	0	-0.000237	0.000478	-0.000053	0.000360
3350.48	0	-0.000228	0.000453	-0.000055	0.000304
3358.20	0	-0.000199	0.000479	-0.000032	0.000307
3365.92	0	-0.000181	0.000507	-0.000010	0.000360
3373.64	0	-0.000193	0.000506	-0.000022	0.000340
3381.36	0	-0.000241	0.000493	-0.000056	0.000344
3389.08	0	-0.000209	0.000516	-0.000042	0.000343
3396.80	0	-0.000201	0.000547	0.000005	0.000419
3404.52	0	-0.000235	0.000563	-0.000012	0.000372
3412.24	0	-0.000216	0.000566	0.000000	0.000346
3419.96	0	-0.000200	0.000601	0.000028	0.000460
3427.68	0	-0.000175	0.000633	0.000036	0.000430
3435.40	0	-0.000220	0.000590	0.000000	0.000368
3443.12	0	-0.000181	0.000618	0.000020	0.000454
3450.84	0	-0.000153	0.000602	0.000019	0.000399
3458.56	0	-0.000205	0.000601	0.000024	0.000400
3466.28	0	-0.000202	0.000633	0.000035	0.000430
3474.00	0	-0.000198	0.000617	0.000001	0.000350
3481.72	0	-0.000139	0.000680	0.000039	0.000448
3489.44	0	-0.000143	0.000685	0.000029	0.000486
3497.16	0	-0.000204	0.000616	-0.000014	0.000387
3504.88	0	-0.000166	0.000669	0.000049	0.000490
3512.60	0	-0.000136	0.000701	0.000039	0.000461
3520.32	0	-0.000149	0.000678	0.000054	0.000451
3528.04	0	-0.000143	0.000761	0.000129	0.000608
3535.76	0	-0.000184	0.000736	0.000032	0.000450
3543.48	0	-0.000146	0.000721	0.000071	0.000542
3551.20	0	-0.000079	0.000806	0.000223	0.000700
3558.92	0	-0.000215	0.000696	0.000039	0.000407
3566.64	0	-0.000066	0.000842	0.000206	0.000832
3574.36	0	-0.000096	0.000805	0.000172	0.000693
3582.08	0	-0.000184	0.000715	0.000041	0.000401
3589.80	0	-0.000003	0.000930	0.000324	0.000933
3597.52	0	-0.000183	0.000800	0.000121	0.000585
3605.24	0	-0.000128	0.000795	0.000086	0.000526
3612.96	0	0.000018	0.000968	0.000357	0.001025
3620.68	0	-0.000089	0.000847	0.000175	0.000675
3628.40	0	-0.000007	0.000911	0.000293	0.000946
3636.12	0	-0.000073	0.000863	0.000213	0.000816
3643.84	0	-0.000164	0.000768	0.000028	0.000439
3651.56	0	-0.000025	0.000988	0.000405	0.001180
3659.28	0	-0.000077	0.000847	0.000175	0.000686
3667.00	0	-0.000165	0.000778	0.000103	0.000516
3674.72	0	-0.000051	0.000995	0.000382	0.001190
3682.44	0	-0.000076	0.000894	0.000203	0.000734
3690.16	0	-0.000087	0.000859	0.000269	0.000829
3697.88	0	-0.000074	0.000928	0.000218	0.000750
3705.60	0	-0.000129	0.000903	0.000160	0.000658
3713.32	0	-0.000087	0.000988	0.000336	0.001075
3721.04	0	-0.000059	0.000970	0.000276	0.000893
3728.76	0	-0.000090	0.001022	0.000347	0.001073
3736.48	0	-0.000061	0.001104	0.000478	0.001305
3744.20	0	0.000046	0.001209	0.000595	0.001615
3751.92	0	0.000026	0.001190	0.000630	0.001710
3759.64	0	-0.000095	0.001024	0.000348	0.001055
3767.36	0	-0.000087	0.001022	0.000287	0.001009
3775.08	0	-0.000112	0.001000	0.000257	0.000916
3782.80	0	-0.000087	0.001047	0.000296	0.000887
3790.52	0	-0.000066	0.001022	0.000261	0.000887
3798.24	0	-0.000103	0.001035	0.000266	0.000936
3805.96	0	-0.000030	0.001123	0.000350	0.001128
3813.68	0	-0.000076	0.001091	0.000282	0.000987
3821.40	0	-0.000087	0.001135	0.000391	0.001163
3829.12	0	-0.000098	0.001086	0.000209	0.000829
3836.84	0	-0.000060	0.001224	0.000356	0.001148
3844.56	0	-0.000048	0.001185	0.000299	0.000945
3852.28	0	-0.000023	0.001191	0.000413	0.001155
3860.00	0	-0.000055	0.001290	0.000442	0.001313
3867.72	0	-0.000068	0.001232	0.000268	0.000948
3875.44	0	-0.000033	0.001259	0.000322	0.001059
3883.16	0	-0.000025	0.001248	0.000339	0.001022
3890.88	0	0.000009	0.001273	0.000378	0.001049
3898.60	0	0.000020	0.001306	0.000332	0.001118
3906.32	0	0.000013	0.001358	0.000465	0.001318
3914.04	0	-0.000027	0.001225	0.000317	0.000912
3921.76	0	-0.000014	0.001346	0.000341	0.001044
3929.48	0	-0.000005	0.001369	0.000329	0.001042
3937.20	0	-0.000025	0.001294	0.000297	0.000919
3944.92	0	-0.000013	0.001322	0.000287	0.001003
3952.64	0	-0.000022	0.001258	0.000228	0.000947
3960.36	0	-0.000070	0.001333	0.000199	0.000830
3968.08	0	-0.000035	0.001402	0.000294	0.000906
3975.80	0	-0.000012	0.001352	0.000291	0.000935
3983.52	0	-0.000045	0.001354	0.000197	0.000897
3991.24	0	-0.000056	0.001407	0.000253	0.000946
3998.96	0	-0.000049	0.001363	0.000247	0.000910
4006.68	0	-0.000042	0.001389	0.000268	0.000905
4014.40	0	0.000009	0.001460	0.000268	0.001002
4022.12	0	-0.000004	0.001450	0.000254	0.000977
4029.84	0	-0.000062	0.001435	0.000282	0.001071
4037.56	0	-0.000016	0.001464	0.000339	0.001166
4045.28	0	-0.000015	0.001482	0.000379	0.001202
4053.00	0	-0.000014	0.001577	0.000483	0.001378
4060.72	0	0.000006	0.001666	0.000543	0.001523
4068.44	0	0.000033	0.001650	0.000570	0.001582
4076.16	0	0.000040	0.001692	0.000632	0.001666
4083.88	0	0.000036	0.001725	0.000685	0.001856
4091.60	0	0.000135	0.001836	0.000863	0.002127
4099.32	0	0.000040	0.001824	0.000850	0.002118
4107.04	0	0.000042	0.001753	0.000755	0.001968
4114.76	0	0.000101	0.001882	0.000771	0.002057
4122.48	0	0.000128	0.001987	0.000908	0.002247
4130.20	0	0.000124	0.001906	0.000894	0.002229
4137.92	0	0.000112	0.001961	0.000769	0.002076
4145.64	0	0.000107	0.001909	0.000771	0.002060
4153.36	0	0.000114	0.001887	0.000822	0.002150
4161.08	0	0.000078	0.001926	0.000749	0.002004
4168.80	0	0.000064	0.001871	0.000604	0.001857
4176.52	0	0.000129	0.001936	0.000628	0.001794
4184.24	0	0.000101	0.002016	0.000719	0.001817
4191.96	0	0.000088	0.002036	0.000728	0.001921
4199.68	0	0.000144	0.002014	0.000706	0.001895
4207.40	0	0.000112	0.002028	0.000628	0.001825
4215.12	0	0.000145	0.002040	0.000647	0.001738
4222.84	0	0.000167	0.002061	0.000580	0.001667
4230.56	0	0.000097	0.002013	0.000495	0.001541
4238.28	0	0.000125	0.002099	0.000541	0.001578