H2O
Golfgetal [cm-1]	ppm
cm-1	0   1000   10000 20000   40000   60000   80000   100000  120000  140000  160000  180000  200000  220000  240000  260000  280000  300000
 594.44	0	-0.003458	0.039343	0.055875	0.077232	0.095191	0.101972	0.083691	0.088440	0.100968	0.097952	0.109155	0.119113	0.114817	0.104615	0.109970	0.120453	0.119188
 602.16	0	-0.005570	0.044452	0.074610	0.093906	0.113801	0.126586	0.094525	0.109127	0.110379	0.125371	0.136160	0.127867	0.144445	0.135135	0.150478	0.153324	0.155261
 609.88	0	-0.005332	0.038298	0.056075	0.092322	0.104220	0.108673	0.054755	0.066036	0.079739	0.086309	0.091196	0.087028	0.084774	0.085244	0.092024	0.109792	0.122459
 617.60	0	-0.013418	0.036901	0.043965	0.081280	0.105974	0.122465	0.128878	0.121009	0.143478	0.130406	0.157040	0.156171	0.172578	0.142989	0.140794	0.136117	0.128300
 625.32	0	0.001493	0.040884	0.050956	0.060419	0.079555	0.072272	0.042497	0.048758	0.050482	0.045016	0.059529	0.060597	0.078961	0.083009	0.090612	0.093027	0.102079
 633.04	0	0.005351	0.064526	0.060901	0.092321	0.112053	0.125817	0.079452	0.102787	0.098531	0.101101	0.120724	0.110927	0.102869	0.108325	0.118374	0.127332	0.146214
 640.76	0	0.003917	0.073772	0.083138	0.113638	0.154351	0.152948	0.113605	0.103833	0.124643	0.115063	0.137300	0.131912	0.132887	0.122088	0.126194	0.122957	0.137387
 648.48	0	0.005968	0.037964	0.064528	0.088649	0.104463	0.124506	0.096155	0.109249	0.109194	0.137306	0.137869	0.133797	0.129822	0.130462	0.139443	0.134738	0.140217
 656.20	0	-0.000097	0.036186	0.057693	0.073434	0.103923	0.122365	0.082649	0.092845	0.100998	0.102128	0.109229	0.118979	0.128844	0.100690	0.103157	0.119113	0.117432
 663.92	0	-0.010651	0.033555	0.054793	0.070144	0.079839	0.113889	0.108845	0.101074	0.117177	0.108564	0.109333	0.122988	0.124580	0.113146	0.128477	0.125591	0.123174
 671.64	0	0.009150	0.052349	0.075078	0.101587	0.120389	0.122163	0.106766	0.115076	0.117144	0.122372	0.126475	0.122847	0.141501	0.132589	0.129849	0.138530	0.149497
 679.36	0	-0.002341	0.041982	0.039694	0.075656	0.096281	0.106054	0.070784	0.078822	0.077556	0.086779	0.097921	0.089395	0.100578	0.100818	0.098876	0.110773	0.130193
 687.08	0	-0.008308	0.054469	0.068853	0.098501	0.113190	0.133518	0.130245	0.123349	0.140584	0.140184	0.146919	0.155828	0.157311	0.147238	0.146310	0.133467	0.128323
 694.80	0	0.000618	0.024588	0.047039	0.066541	0.075937	0.094460	0.063755	0.055414	0.068384	0.073087	0.073087	0.079157	0.099475	0.090918	0.099827	0.094976	0.100556
 702.52	0	-0.001586	0.049695	0.050673	0.077083	0.099977	0.119759	0.073670	0.087527	0.098266	0.102843	0.108485	0.114487	0.092346	0.105332	0.107074	0.123898	0.130119
 710.24	0	0.002832	0.049243	0.084381	0.108682	0.138698	0.133126	0.114051	0.131033	0.138847	0.147131	0.155122	0.157030	0.156969	0.145149	0.140597	0.144765	0.155485
 717.96	0	-0.002958	0.047721	0.062501	0.083496	0.108114	0.122407	0.106628	0.117939	0.132881	0.123460	0.132083	0.133206	0.130609	0.131434	0.146368	0.141152	0.154871
 725.68	0	-0.005134	0.051967	0.070491	0.093340	0.127419	0.119590	0.092888	0.096216	0.101195	0.107321	0.117468	0.122040	0.121489	0.115161	0.121515	0.121253	0.135131
 733.40	0	-0.005104	0.035043	0.058142	0.068231	0.091415	0.098512	0.061162	0.078688	0.078853	0.092525	0.096703	0.109074	0.096456	0.094683	0.106465	0.103345	0.119122
 741.12	0	-0.001982	0.045238	0.074293	0.089350	0.118350	0.120419	0.093260	0.102432	0.130970	0.125101	0.141838	0.147782	0.167326	0.167271	0.173438	0.175028	0.187245
 748.84	0	0.004328	0.029882	0.057263	0.074707	0.103073	0.102408	0.080174	0.092624	0.109118	0.099340	0.116118	0.128624	0.127430	0.119076	0.149336	0.148734	0.174445
 756.56	0	-0.001814	0.027603	0.040670	0.062785	0.082767	0.083044	0.060888	0.072678	0.091678	0.085007	0.104438	0.105649	0.114069	0.116943	0.121949	0.137459	0.153421
 764.28	0	-0.005704	0.022250	0.030269	0.051624	0.055685	0.060505	0.036116	0.033124	0.045149	0.053710	0.051090	0.056110	0.065702	0.069573	0.080616	0.080778	0.095619
 772.00	0	-0.001102	0.009672	0.022708	0.036763	0.048863	0.055490	0.047303	0.052392	0.060288	0.067830	0.079370	0.088875	0.096177	0.097969	0.111751	0.125161	0.140096
 779.72	0	-0.002083	0.017861	0.025954	0.036845	0.053574	0.057344	0.044376	0.050624	0.060712	0.062160	0.076393	0.079155	0.083416	0.086291	0.098011	0.104316	0.115402
 787.44	0	-0.006444	0.003666	0.002512	0.010106	0.021569	0.027362	0.015082	0.020452	0.030925	0.032528	0.043974	0.044997	0.047456	0.052431	0.057301	0.063743	0.074655
 795.16	0	-0.003079	0.010041	0.019875	0.033565	0.046745	0.058627	0.051559	0.065195	0.074921	0.080937	0.094680	0.102355	0.112106	0.116569	0.129719	0.139633	0.159699
 802.88	0	-0.003008	0.011233	0.022143	0.037107	0.048220	0.064713	0.062303	0.076664	0.089686	0.100795	0.113223	0.126987	0.135600	0.145855	0.163788	0.171830	0.191708
 810.60	0	-0.005053	0.000117	0.002050	0.010321	0.017585	0.024827	0.019806	0.026781	0.034171	0.038963	0.046266	0.053155	0.059808	0.065812	0.073743	0.081589	0.091175
 818.32	0	-0.002331	0.002589	0.003386	0.007935	0.013756	0.016769	0.010333	0.014567	0.018559	0.020820	0.024396	0.028854	0.030574	0.034421	0.040074	0.044308	0.049898
 826.04	0	-0.003007	-0.001702	-0.000973	-0.000327	0.000144	0.002016	-0.001676	-0.000172	0.001572	0.003572	0.006300	0.009732	0.009276	0.012921	0.016386	0.019168	0.025589
 833.76	0	-0.002261	-0.000290	0.002077	0.006242	0.010482	0.015492	0.013019	0.017804	0.021507	0.025497	0.030295	0.034833	0.038492	0.042589	0.048076	0.052125	0.060162
 841.48	0	-0.001015	-0.000233	0.000010	0.000869	0.002783	0.004636	0.000168	0.002093	0.004115	0.006944	0.009491	0.012044	0.013708	0.016249	0.020589	0.022890	0.027522
 849.20	0	-0.002014	0.000981	0.004301	0.010751	0.017063	0.023839	0.023943	0.031353	0.037312	0.043492	0.050179	0.055752	0.060150	0.067122	0.073400	0.079089	0.087048
 856.92	0	-0.000863	0.003855	0.008966	0.016712	0.023678	0.031641	0.031287	0.039644	0.046665	0.052926	0.059092	0.066039	0.072022	0.078865	0.085498	0.092095	0.100671
 864.64	0	-0.001506	-0.001297	-0.000349	0.001889	0.004223	0.007173	0.003985	0.007315	0.010483	0.013445	0.016242	0.019585	0.022812	0.026062	0.029912	0.033098	0.037697
 872.36	0	-0.001839	-0.001523	-0.000784	0.000332	0.001367	0.003238	0.000185	0.002275	0.004036	0.005719	0.007923	0.009597	0.011751	0.013945	0.016816	0.019336	0.022826
 880.08	0	-0.001609	-0.000972	0.000341	0.001848	0.002964	0.004976	0.002001	0.004426	0.006735	0.008585	0.010786	0.013103	0.015490	0.018236	0.021369	0.023903	0.027556
 887.80	0	-0.001724	-0.000882	0.000763	0.003420	0.006110	0.009154	0.007681	0.011607	0.015294	0.018489	0.022372	0.025925	0.029477	0.033978	0.038203	0.041814	0.046993
 895.52	0	-0.001583	-0.001899	-0.001510	-0.001790	-0.001814	-0.001509	-0.004913	-0.004191	-0.003262	-0.002479	-0.001675	-0.000392	0.000691	0.002162	0.003979	0.005410	0.007771
 903.24	0	-0.001235	-0.000361	0.001127	0.003603	0.005762	0.008298	0.006556	0.009774	0.012580	0.015425	0.018129	0.021368	0.024000	0.027554	0.030810	0.033952	0.037867
 910.96	0	-0.001306	0.000477	0.002840	0.006729	0.010673	0.014769	0.014522	0.019607	0.023879	0.028367	0.032790	0.037307	0.041698	0.046767	0.051467	0.056175	0.061757
 918.68	0	-0.001284	-0.000403	0.000755	0.002186	0.004003	0.005874	0.003736	0.006299	0.008868	0.011185	0.013747	0.016256	0.018847	0.021966	0.025122	0.027876	0.031444
 926.40	0	-0.001335	-0.001127	-0.000049	0.001312	0.002857	0.004715	0.002755	0.005301	0.007467	0.009632	0.011994	0.014442	0.016703	0.019639	0.022438	0.024945	0.028301
 934.12	0	-0.001259	-0.001393	-0.000777	-0.000695	-0.000539	-0.000072	-0.003045	-0.002030	-0.001118	0.000069	0.001128	0.002423	0.003818	0.005432	0.007163	0.008609	0.010814
 941.84	0	-0.001216	-0.001468	-0.000695	-0.000013	0.000923	0.001843	-0.000483	0.001099	0.002714	0.004353	0.005922	0.007586	0.009653	0.011745	0.013917	0.015707	0.018225
 949.56	0	-0.001201	-0.001196	-0.000312	0.000646	0.001868	0.003181	0.001188	0.003209	0.005039	0.006972	0.008727	0.010670	0.012891	0.015225	0.017716	0.019841	0.022653
 957.28	0	-0.001089	-0.000513	0.000842	0.002353	0.003947	0.005937	0.004380	0.007035	0.009350	0.011608	0.013897	0.016369	0.019017	0.021884	0.024629	0.027192	0.030454
 965.00	0	-0.001162	-0.001213	-0.000362	0.000516	0.001596	0.002805	0.000981	0.002851	0.004482	0.006187	0.007920	0.009887	0.012037	0.014307	0.016466	0.018528	0.021275
 972.72	0	-0.001033	-0.000724	0.000227	0.001431	0.002781	0.004246	0.002664	0.004819	0.006554	0.008509	0.010369	0.012475	0.014738	0.017234	0.019653	0.021964	0.024905
 980.44	0	-0.001135	-0.001514	-0.000990	-0.000632	-0.000254	0.000417	-0.001741	-0.000427	0.000554	0.001673	0.002792	0.004079	0.005648	0.007207	0.008936	0.010556	0.012646
 988.16	0	-0.001136	-0.001534	-0.001245	-0.001230	-0.001102	-0.000846	-0.003269	-0.002471	-0.001838	-0.001074	-0.000384	0.000483	0.001612	0.002763	0.004090	0.005359	0.006938
 995.88	0	-0.000945	-0.000825	-0.000275	0.000237	0.000861	0.001662	-0.000431	0.000902	0.001953	0.003217	0.004397	0.005765	0.007443	0.009101	0.010823	0.012442	0.014433
1003.60	0	-0.001108	-0.001439	-0.001065	-0.000944	-0.000550	-0.000040	-0.002161	-0.001025	-0.000147	0.000842	0.001833	0.002941	0.004341	0.005734	0.007154	0.008510	0.010238
1011.32	0	-0.000814	0.000276	0.001961	0.004305	0.006905	0.009380	0.008920	0.012228	0.015144	0.017950	0.020821	0.023738	0.026940	0.030274	0.033458	0.036482	0.040206
1019.04	0	-0.000948	-0.000559	0.000604	0.002213	0.004004	0.005804	0.004732	0.007147	0.009309	0.011501	0.013629	0.015866	0.018459	0.020986	0.023460	0.025765	0.028669
1026.76	0	-0.000994	-0.001244	-0.000799	-0.000772	-0.000432	-0.000060	-0.002304	-0.001471	-0.000618	0.000283	0.001167	0.002193	0.003477	0.004818	0.006164	0.007385	0.008944
1034.48	0	-0.000930	-0.000567	0.000435	0.001542	0.002864	0.004287	0.002820	0.004806	0.006646	0.008424	0.010212	0.012123	0.014278	0.016479	0.018702	0.020594	0.023066
1042.20	0	-0.001113	-0.001183	-0.000602	-0.000185	0.000544	0.001442	-0.000538	0.000879	0.002051	0.003383	0.004638	0.005972	0.007592	0.009248	0.010846	0.012341	0.014251
1049.92	0	-0.000992	-0.000911	-0.000328	-0.000059	0.000436	0.001052	-0.001168	-0.000119	0.000746	0.001739	0.002689	0.003702	0.005032	0.006336	0.007761	0.008954	0.010532
1057.64	0	-0.001000	-0.000929	-0.000121	0.000691	0.001736	0.003005	0.001211	0.003036	0.004548	0.006094	0.007630	0.009310	0.011231	0.013203	0.015206	0.016912	0.019205
1065.36	0	-0.000764	0.000529	0.002383	0.005085	0.007751	0.010489	0.009953	0.013269	0.016119	0.018930	0.021769	0.024605	0.027614	0.030893	0.033796	0.036790	0.040276
1073.08	0	-0.000750	0.000151	0.001582	0.003354	0.005104	0.006936	0.005775	0.008133	0.010182	0.012260	0.014290	0.016465	0.018872	0.021299	0.023682	0.025944	0.028728
1080.80	0	-0.001072	-0.001236	-0.000732	-0.000578	-0.000108	0.000447	-0.001509	-0.000373	0.000550	0.001537	0.002539	0.003670	0.005019	0.006307	0.007803	0.009019	0.010710
1088.52	0	-0.000707	0.000068	0.001223	0.002360	0.003449	0.004660	0.003152	0.004780	0.006259	0.007726	0.009131	0.010613	0.012368	0.014157	0.016023	0.017701	0.019829
1096.24	0	-0.000805	0.000043	0.001704	0.003985	0.006274	0.008678	0.008119	0.011146	0.013755	0.016246	0.018674	0.021228	0.024047	0.026957	0.029688	0.032349	0.035495
1103.96	0	-0.000728	0.000899	0.002958	0.005840	0.008768	0.011557	0.011413	0.014963	0.017921	0.020815	0.023786	0.026798	0.030050	0.033458	0.036602	0.039863	0.043567
1111.68	0	-0.000669	0.000994	0.003259	0.006278	0.009221	0.012174	0.011869	0.015303	0.018265	0.021082	0.023999	0.026955	0.030130	0.033460	0.036556	0.039851	0.043469
1119.40	0	-0.000947	-0.000402	0.001015	0.002959	0.005099	0.007296	0.006749	0.009685	0.012174	0.014561	0.017035	0.019592	0.022384	0.025280	0.027980	0.030945	0.034144
1127.12	0	-0.000833	-0.000304	0.000564	0.001191	0.001993	0.002787	0.001212	0.002586	0.003714	0.004942	0.006062	0.007491	0.009069	0.010679	0.012322	0.014189	0.016203
1134.84	0	-0.000645	0.002211	0.005738	0.011077	0.015954	0.020603	0.021850	0.027127	0.031524	0.035772	0.039969	0.044297	0.048658	0.053350	0.057421	0.061973	0.066888
1142.56	0	-0.000899	0.000594	0.002743	0.005901	0.009069	0.012142	0.012431	0.016290	0.019487	0.022657	0.025871	0.029185	0.032663	0.036368	0.039620	0.043327	0.047309
1150.28	0	-0.000831	0.000953	0.003270	0.006684	0.010142	0.013449	0.013793	0.017950	0.021475	0.024880	0.028303	0.031847	0.035588	0.039481	0.042992	0.046914	0.051138
1158.00	0	-0.001169	-0.000570	0.000705	0.002408	0.004285	0.006187	0.005298	0.007839	0.010024	0.012192	0.014399	0.016729	0.019286	0.021885	0.024332	0.026981	0.029929
1165.72	0	-0.001151	-0.000871	-0.000129	0.000421	0.001282	0.002212	0.000310	0.001871	0.003281	0.004753	0.006226	0.007930	0.009950	0.011933	0.013892	0.016097	0.018451
1173.44	0	-0.000720	0.004910	0.011176	0.021063	0.029828	0.037885	0.040922	0.049665	0.057058	0.063860	0.070668	0.077362	0.084229	0.091390	0.097491	0.104050	0.111195
1181.16	0	-0.001075	0.001911	0.005451	0.010874	0.015855	0.020584	0.020989	0.026445	0.031123	0.035564	0.040113	0.044657	0.049499	0.054627	0.059056	0.063906	0.069369
1188.88	0	-0.000887	0.003516	0.008331	0.015588	0.021886	0.027656	0.028475	0.034764	0.039994	0.044946	0.049916	0.054871	0.060137	0.065557	0.070219	0.075364	0.081024
1196.60	0	-0.001563	-0.000536	0.001658	0.005323	0.009203	0.013217	0.012749	0.017585	0.021851	0.025946	0.030200	0.034473	0.039176	0.044055	0.048327	0.053031	0.058316
1204.32	0	-0.001163	0.001614	0.004844	0.009851	0.014492	0.018944	0.018497	0.023585	0.027967	0.032139	0.036416	0.040651	0.045284	0.050102	0.054296	0.058850	0.063923
1212.04	0	-0.001013	0.003785	0.009095	0.017277	0.024703	0.031887	0.033496	0.041740	0.048825	0.055665	0.062624	0.069546	0.076865	0.084373	0.090799	0.097863	0.105568
1219.76	0	-0.000552	0.008155	0.017627	0.033337	0.047360	0.060373	0.066181	0.080281	0.092247	0.103428	0.114838	0.126024	0.137476	0.149658	0.159909	0.171250	0.183649
1227.48	0	-0.000490	0.007976	0.017016	0.031347	0.043224	0.053584	0.056953	0.067323	0.075645	0.083231	0.090765	0.097980	0.105452	0.113229	0.119697	0.127006	0.134851
1235.20	0	-0.001490	0.000150	0.002784	0.006861	0.011002	0.015102	0.014615	0.019777	0.024187	0.028663	0.033233	0.037902	0.043159	0.048532	0.053221	0.059032	0.065119
1242.92	0	-0.000104	0.011034	0.022595	0.041680	0.058483	0.074050	0.082014	0.099095	0.113563	0.127204	0.141140	0.154849	0.168889	0.183772	0.196177	0.210625	0.225990
1250.64	0	-0.000985	0.004756	0.011192	0.021684	0.031093	0.039838	0.042635	0.052243	0.060115	0.067609	0.075150	0.082533	0.090340	0.098349	0.105076	0.113207	0.121619
1258.36	0	-0.000716	0.006475	0.014134	0.026172	0.037182	0.047852	0.052589	0.065504	0.076934	0.088163	0.099946	0.111839	0.124472	0.137963	0.149497	0.163024	0.177453
1266.08	0	0.004739	0.050116	0.090291	0.154333	0.209465	0.260758	0.295706	0.353015	0.402848	0.449853	0.499224	0.548572	0.599189	0.655399	0.703177	0.758614	0.820584
1273.80	0	0.002119	0.029602	0.053875	0.091091	0.122191	0.150264	0.167136	0.196479	0.220692	0.242642	0.264518	0.285238	0.305690	0.326913	0.343888	0.362363	0.381963
1281.52	0	0.000765	0.014007	0.024846	0.040656	0.054234	0.066868	0.073236	0.087771	0.100503	0.112785	0.125657	0.138614	0.152331	0.167159	0.179892	0.194466	0.210525
1289.24	0	0.006215	0.052849	0.088618	0.143493	0.190468	0.233693	0.262906	0.310272	0.350800	0.388460	0.427343	0.465590	0.504114	0.545772	0.580466	0.619416	0.661712
1296.96	0	0.003307	0.029431	0.048884	0.076563	0.098622	0.117911	0.129233	0.149473	0.166361	0.181871	0.197650	0.213015	0.228695	0.245231	0.258959	0.274262	0.291061
1304.68	0	-0.000827	0.002687	0.007664	0.016304	0.025845	0.036014	0.042695	0.056458	0.069295	0.082052	0.095659	0.109639	0.124490	0.140457	0.154183	0.169795	0.186893
1312.40	0	0.012295	0.085293	0.137747	0.217720	0.285067	0.345457	0.387207	0.450824	0.503747	0.551957	0.601191	0.649468	0.698397	0.750781	0.795351	0.846297	0.902287
1320.12	0	0.019315	0.127601	0.207627	0.334871	0.444847	0.546782	0.618527	0.730976	0.825147	0.910837	0.998044	1.081106	1.163204	1.248061	1.315555	1.388600	1.462906
1327.84	0	-0.004399	-0.003572	0.009425	0.037506	0.066721	0.096497	0.119462	0.156235	0.189814	0.222383	0.257173	0.292413	0.328889	0.369287	0.403443	0.442111	0.485111
1335.56	0	0.021643	0.111258	0.161631	0.226519	0.274517	0.315136	0.341134	0.383043	0.418261	0.450757	0.484305	0.517533	0.551490	0.587994	0.619005	0.653981	0.691899
1343.28	0	0.025902	0.135342	0.197505	0.280853	0.346249	0.405467	0.446004	0.512543	0.570812	0.626198	0.684959	0.743894	0.804735	0.871442	0.927822	0.992113	1.063146
1351.00	0	-0.004365	0.005165	0.025749	0.066087	0.105718	0.145064	0.175118	0.222393	0.264992	0.305834	0.349218	0.392794	0.437586	0.486849	0.528479	0.575684	0.627642
1358.72	0	0.021723	0.112329	0.171438	0.260976	0.337841	0.409484	0.459744	0.541568	0.613656	0.682239	0.754879	0.827798	0.903053	0.984601	1.053654	1.132146	1.216185
1366.44	0	0.022609	0.118530	0.181371	0.276384	0.358104	0.434670	0.488374	0.576681	0.654972	0.729912	0.810433	0.891811	0.976721	1.070545	1.150830	1.244114	1.345958
1374.16	0	0.019577	0.128027	0.209976	0.341948	0.456759	0.563213	0.637750	0.757462	0.859798	0.954278	1.052483	1.147995	1.244102	1.344026	1.425328	1.516206	1.606770
1381.88	0	0.017334	0.101692	0.164751	0.269207	0.364541	0.457019	0.524763	0.636420	0.736854	0.834048	0.939257	1.046741	1.159989	1.285795	1.394017	1.521918	1.663604
1389.60	0	0.019880	0.115311	0.184589	0.291962	0.386647	0.478013	0.544561	0.655048	0.754112	0.849009	0.950445	1.051559	1.154900	1.266047	1.358456	1.463187	1.571283
1397.32	0	0.044643	0.236437	0.373764	0.601237	0.805581	1.003601	1.143676	1.408314	1.669337	1.978734	2.431973	2.477176	2.239184	2.146829	2.129145	2.129587	2.162681
1405.04	0	0.013851	0.094104	0.159134	0.268815	0.367914	0.462796	0.531485	0.643334	0.742409	0.837283	0.939133	1.041557	1.148278	1.265521	1.364722	1.479632	1.603551
1412.76	0	0.018505	0.113050	0.182637	0.291548	0.386162	0.475901	0.541355	0.648695	0.745322	0.838582	0.939388	1.041107	1.147209	1.264200	1.363026	1.477699	1.599666
1420.48	0	0.046620	0.225891	0.339132	0.514380	0.660897	0.792143	0.874646	1.019585	1.142238	1.257719	1.378541	1.498343	1.623308	1.754401	1.863838	1.991220	2.124590
1428.20	0	0.017593	0.126516	0.214239	0.371061	0.524415	0.680060	0.797902	0.999670	1.184964	1.369474	1.577511	1.800951	2.052089	2.344778	2.595694	2.798921	2.847037
1435.92	0	0.040198	0.196217	0.302296	0.469924	0.620344	0.765715	0.864797	1.037767	1.186772	1.325345	1.470324	1.611141	1.754272	1.904136	2.024246	2.161677	2.300184
1443.64	0	0.008837	0.060425	0.110351	0.203896	0.294924	0.385448	0.453300	0.563228	0.662401	0.757891	0.860977	0.964864	1.071883	1.190691	1.291484	1.408205	1.534200
1451.36	0	0.031860	0.174825	0.272252	0.422662	0.555946	0.684812	0.775984	0.931345	1.067831	1.197134	1.333431	1.468178	1.605454	1.750467	1.868945	2.003610	2.139076
1459.08	0	0.059348	0.307288	0.477381	0.733930	0.963696	1.204914	1.384572	1.788846	2.320362	2.528391	2.260936	2.180849	2.161319	2.200490	2.257942	2.331991	2.424483
1466.80	0	0.022531	0.144434	0.238376	0.400540	0.555316	0.710152	0.820549	1.011331	1.177544	1.332918	1.495251	1.652265	1.806941	1.967190	2.094061	2.228273	2.367415
1474.52	0	0.049420	0.264112	0.409785	0.632935	0.825342	1.009840	1.134282	1.366580	1.577298	1.791348	2.046431	2.338949	2.706485	2.931031	2.887222	2.837938	2.832410
1482.24	0	0.022223	0.143122	0.236510	0.389227	0.521223	0.644383	0.730355	0.873607	1.000159	1.121961	1.254605	1.389418	1.529966	1.687809	1.824347	1.981277	2.156216
1489.96	0	0.045801	0.251283	0.375663	0.554992	0.707866	0.855591	0.958927	1.141800	1.306038	1.465738	1.639581	1.814153	1.996121	2.191745	2.343529	2.505526	2.664782
1497.68	0	0.036089	0.227920	0.377873	0.629999	0.864580	1.096044	1.252083	1.546513	1.807655	2.071643	2.380106	2.685304	2.893794	2.887884	2.903904	2.893292	2.892625
1505.40	0	0.069711	0.348614	0.517769	0.789348	1.034364	1.270544	1.414693	1.690932	1.906630	2.090055	2.258098	2.401858	2.522785	2.640364	2.699354	2.767502	2.810197
1513.12	0	0.092985	0.517698	0.796763	1.233340	1.629531	2.050319	2.297770	2.654888	2.642303	2.664053	2.701190	2.766932	2.822891	2.858793	2.890243	2.912550	2.924187
1520.84	0	0.077903	0.475884	0.783785	1.313309	1.841571	2.352826	2.378432	2.536195	2.602064	2.666537	2.715479	2.768206	2.797972	2.841105	2.857519	2.882511	2.893683
1528.56	0	0.053662	0.320402	0.517617	0.825014	1.074240	1.297157	1.437549	1.696336	1.905379	2.089799	2.266667	2.413576	2.529555	2.635021	2.697655	2.752211	2.797442
1536.28	0	0.060480	0.375375	0.616052	1.027648	1.425388	1.869610	2.209304	2.552794	2.345793	2.297516	2.304963	2.338236	2.384212	2.434287	2.493495	2.559577	2.618301
1544.00	0	0.078593	0.442101	0.661150	0.935391	1.146343	1.343232	1.459276	1.683298	1.854978	1.995240	2.126581	2.235134	2.338527	2.432363	2.502157	2.574690	2.661159
1551.72	0	0.046238	0.256571	0.412288	0.686154	0.953743	1.234272	1.441063	1.886680	2.432316	2.807627	2.560543	2.492612	2.497456	2.549534	2.620529	2.691234	2.783236
1559.44	0	0.072531	0.368214	0.557553	0.861566	1.126567	1.369724	1.502236	1.781092	2.008231	2.223139	2.459769	2.671655	2.836070	2.852162	2.848285	2.819141	2.791088
1567.16	0	0.025493	0.150864	0.238659	0.387042	0.529816	0.673999	0.776050	0.953678	1.109943	1.255865	1.408095	1.552107	1.688861	1.826880	1.931547	2.033442	2.132029
1574.88	0	0.021647	0.143729	0.238901	0.393780	0.534991	0.675909	0.777625	0.961315	1.137250	1.322988	1.553332	1.839725	2.267424	2.532784	2.240263	2.097785	2.043845
1582.60	0	0.011280	0.063211	0.099827	0.156519	0.207242	0.257438	0.291200	0.352811	0.409740	0.465795	0.526970	0.589371	0.654473	0.728248	0.791750	0.865645	0.946554
1590.32	0	-0.002623	0.012992	0.038054	0.087970	0.138347	0.189221	0.230930	0.293073	0.350258	0.406039	0.466619	0.528217	0.592402	0.664454	0.726775	0.799192	0.878217
1598.04	0	0.009099	0.062362	0.104458	0.169578	0.225742	0.279092	0.315717	0.378565	0.435631	0.491009	0.551009	0.611661	0.674961	0.745583	0.806650	0.877469	0.954509
1605.76	0	0.001043	0.039315	0.079297	0.145308	0.204455	0.261959	0.307138	0.376067	0.439089	0.500417	0.567048	0.634578	0.704823	0.783353	0.851042	0.929337	1.014348
1613.48	0	0.015928	0.098337	0.160558	0.262343	0.355802	0.447762	0.512260	0.625606	0.730292	0.833461	0.948036	1.066898	1.194038	1.341847	1.473671	1.636617	1.824847
1621.20	0	0.020997	0.146928	0.254763	0.445043	0.623838	0.801063	0.925090	1.146037	1.339774	1.521258	1.712394	1.891862	2.054101	2.202228	2.292202	2.366318	2.428921
1628.92	0	0.018098	0.115982	0.186701	0.301782	0.405849	0.506529	0.576208	0.695255	0.801473	0.903336	1.013492	1.124409	1.238919	1.367545	1.477980	1.606815	1.745924
1636.64	0	0.024671	0.137731	0.213408	0.334580	0.442230	0.545742	0.614240	0.738029	0.849867	0.958023	1.075250	1.193621	1.316113	1.453207	1.572010	1.709387	1.857923
1644.36	0	0.028820	0.188069	0.308577	0.497836	0.662461	0.822541	0.934559	1.137004	1.322621	1.507984	1.716680	1.940516	2.182313	2.458284	2.681722	2.856332	2.907949
1652.08	0	0.062806	0.339533	0.530919	0.841581	1.114062	1.362470	1.492056	1.736547	1.896971	2.019545	2.128654	2.236809	2.347770	2.470629	2.562969	2.691017	2.780121
1659.80	0	0.027768	0.155648	0.249590	0.406251	0.548403	0.685408	0.776971	0.939631	1.083377	1.220588	1.369930	1.520233	1.676158	1.848380	1.996107	2.163896	2.336966
1667.52	0	0.020649	0.138393	0.226600	0.370587	0.500779	0.627092	0.716209	0.868091	1.003801	1.134272	1.276730	1.420473	1.569755	1.736359	1.877662	2.042604	2.215510
1675.24	0	0.042380	0.236832	0.379825	0.623862	0.852141	1.080918	1.238087	1.545572	1.834030	2.136777	2.510363	2.799395	2.838510	2.800318	2.808985	2.839096	2.871065
1682.96	0	0.053059	0.307153	0.479915	0.753332	0.994927	1.224710	1.369074	1.640062	1.858981	2.056743	2.255215	2.422209	2.594152	2.706713	2.771968	2.816087	2.860015
1690.68	0	0.033982	0.208391	0.334415	0.542300	0.731729	0.914900	1.037408	1.258081	1.449154	1.630469	1.830060	2.027521	2.237527	2.463325	2.639935	2.802713	2.900988
1698.40	0	0.063441	0.337913	0.536281	0.869183	1.164412	1.449619	1.629017	2.032780	2.430356	2.719974	2.706398	2.660429	2.686414	2.723827	2.765029	2.812089	2.843825
1706.12	0	0.041358	0.249778	0.399563	0.638824	0.833342	1.000721	1.097855	1.273552	1.417897	1.553789	1.700088	1.844302	1.990001	2.145074	2.271073	2.407136	2.537789
1713.84	0	0.041150	0.258378	0.412786	0.642111	0.839464	1.033060	1.169327	1.425318	1.669709	1.928926	2.265230	2.676190	2.825351	2.691971	2.637418	2.626117	2.634855
1721.56	0	0.037540	0.210597	0.322316	0.486487	0.628209	0.765171	0.856087	1.019106	1.161210	1.294340	1.435962	1.573300	1.706996	1.854654	1.975941	2.104924	2.243990
1729.28	0	0.022612	0.135493	0.217195	0.353397	0.477018	0.596433	0.681821	0.825835	0.955755	1.082323	1.221815	1.364589	1.511935	1.681968	1.831999	2.010161	2.210114
1737.00	0	0.052358	0.285581	0.444670	0.704189	0.955182	1.220685	1.409290	1.811112	2.227736	2.597034	2.634279	2.610899	2.689233	2.770228	2.837489	2.895030	2.913447
1744.72	0	0.034362	0.239172	0.394189	0.642635	0.861558	1.072408	1.216048	1.471469	1.690592	1.891103	2.104240	2.303258	2.478900	2.661052	2.779878	2.855308	2.914504
1752.44	0	0.049400	0.292209	0.468917	0.737994	0.949922	1.137234	1.254074	1.465384	1.647960	1.822418	2.018812	2.216986	2.412665	2.632082	2.788145	2.876987	2.891147
1760.16	0	0.021612	0.127498	0.212288	0.359898	0.501604	0.645852	0.752475	0.934947	1.100704	1.261081	1.437101	1.613940	1.790449	1.986586	2.153534	2.327310	2.501220
1767.88	0	0.031055	0.167531	0.267866	0.428358	0.568023	0.701693	0.793330	0.954246	1.098570	1.237604	1.388973	1.542079	1.695199	1.872577	2.024185	2.192285	2.381101
1775.60	0	0.034232	0.208639	0.338614	0.552919	0.747641	0.940638	1.074147	1.320103	1.544209	1.766761	2.023571	2.288239	2.540089	2.671273	2.647144	2.619931	2.592363
1783.32	0	0.015402	0.099434	0.167886	0.285921	0.396358	0.505272	0.585728	0.715175	0.830148	0.939285	1.056570	1.172873	1.288175	1.417878	1.527016	1.647585	1.775078
1791.04	0	0.031611	0.177865	0.283403	0.448479	0.589481	0.722335	0.812925	0.971690	1.116166	1.259398	1.423395	1.600664	1.794844	2.055839	2.334926	2.661291	2.563635
1798.76	0	0.028820	0.184685	0.299818	0.478885	0.628126	0.762183	0.847171	0.984491	1.092556	1.185829	1.278443	1.362736	1.438372	1.521863	1.590144	1.661955	1.740253
1806.48	0	0.019229	0.115696	0.188642	0.308568	0.416208	0.520885	0.597362	0.723042	0.837181	0.948574	1.071884	1.199920	1.332584	1.495981	1.648280	1.837659	2.079102
1814.20	0	0.008310	0.064261	0.107147	0.177848	0.242801	0.306459	0.352545	0.427125	0.493733	0.557235	0.625076	0.693056	0.761429	0.839051	0.904906	0.979512	1.062676
1821.92	0	0.013062	0.070331	0.112372	0.180731	0.242556	0.302473	0.345380	0.415148	0.477568	0.536996	0.600443	0.663720	0.727310	0.799296	0.860641	0.930191	1.006549
1829.64	0	0.024282	0.136110	0.212830	0.334816	0.444348	0.552238	0.629475	0.761681	0.883268	1.001997	1.133474	1.268379	1.407542	1.571920	1.721137	1.896501	2.101408
1837.36	0	0.008644	0.060624	0.101604	0.171176	0.237336	0.303679	0.352845	0.433069	0.506028	0.576281	0.652116	0.728429	0.805794	0.893087	0.967453	1.051524	1.143556
1845.08	0	0.028473	0.165053	0.260391	0.401811	0.517830	0.625368	0.697772	0.820139	0.928041	1.030939	1.143905	1.259624	1.380084	1.530916	1.673013	1.854691	2.089825
1852.80	0	0.008650	0.053480	0.083533	0.126583	0.161640	0.193936	0.214237	0.249504	0.280511	0.309772	0.341059	0.372255	0.404107	0.440401	0.471446	0.506713	0.546558
1860.52	0	-0.000044	0.018711	0.039911	0.079185	0.118235	0.157573	0.187874	0.234958	0.277682	0.318409	0.361695	0.404944	0.448345	0.496811	0.537975	0.583956	0.633957
1868.24	0	0.025491	0.161003	0.253837	0.390563	0.503281	0.607543	0.678512	0.797819	0.904805	1.010051	1.129341	1.258549	1.401638	1.594878	1.797114	2.044270	2.018934
1875.96	0	0.004548	0.032584	0.050438	0.075089	0.095386	0.114491	0.126086	0.148051	0.168149	0.187929	0.209690	0.232040	0.255369	0.282434	0.305930	0.332678	0.363223
1883.68	0	0.001502	0.017901	0.034010	0.061459	0.086560	0.110481	0.126552	0.153342	0.177091	0.199604	0.223404	0.247314	0.271673	0.299106	0.322873	0.349730	0.379575
1891.40	0	0.011314	0.073998	0.119312	0.190250	0.251906	0.310229	0.350802	0.417312	0.476554	0.533222	0.594140	0.655598	0.718043	0.789726	0.851933	0.923352	1.003798
1899.12	0	0.003908	0.033378	0.056954	0.094041	0.126305	0.156666	0.177205	0.211249	0.241368	0.269810	0.299953	0.329806	0.359730	0.393457	0.421855	0.453266	0.488237
1906.84	0	0.002431	0.027595	0.046902	0.075580	0.100831	0.125063	0.141420	0.169268	0.194295	0.218211	0.243634	0.269082	0.294946	0.323982	0.348925	0.376949	0.408033
1914.56	0	0.008018	0.053553	0.087894	0.142657	0.191976	0.239492	0.272681	0.327042	0.375267	0.420728	0.468713	0.516341	0.563673	0.616489	0.661409	0.711566	0.766200
1922.28	0	0.014593	0.086854	0.136358	0.212156	0.276487	0.336281	0.376599	0.442807	0.500568	0.554518	0.611271	0.666625	0.721046	0.782122	0.833287	0.889565	0.951259
1930.00	0	0.000426	0.012626	0.023244	0.039710	0.054414	0.068738	0.077628	0.094502	0.109860	0.124725	0.140768	0.156928	0.173684	0.192645	0.208955	0.227212	0.248004
1937.72	0	0.002661	0.022677	0.038849	0.063892	0.085755	0.106333	0.119586	0.143051	0.164024	0.183958	0.205112	0.226356	0.247933	0.272076	0.292755	0.315865	0.341467
1945.44	0	0.010902	0.071590	0.113417	0.175823	0.227375	0.274098	0.304864	0.354926	0.398029	0.438008	0.479628	0.520111	0.559953	0.603945	0.640607	0.680676	0.724239
1953.16	0	-0.000827	0.006976	0.017516	0.035477	0.051892	0.067662	0.077676	0.095747	0.111901	0.127156	0.143345	0.159405	0.175664	0.193827	0.209204	0.226088	0.245015
1960.88	0	0.001626	0.018904	0.033968	0.057402	0.077621	0.096281	0.107925	0.128502	0.146579	0.163524	0.181307	0.198967	0.216828	0.236648	0.253540	0.272366	0.293163
1968.60	0	0.005492	0.040430	0.064744	0.100177	0.129399	0.155641	0.171814	0.198900	0.221697	0.242440	0.263653	0.284074	0.304214	0.326310	0.344882	0.365075	0.387438
1976.32	0	-0.001269	-0.001740	-0.000305	0.002958	0.007121	0.011771	0.013340	0.019588	0.025464	0.031244	0.037562	0.044024	0.050919	0.058663	0.065499	0.072888	0.081530
1984.04	0	0.000021	0.006795	0.012963	0.022928	0.032546	0.041939	0.047030	0.058196	0.068300	0.077873	0.087927	0.098027	0.108396	0.119673	0.129463	0.140167	0.151945
1991.76	0	0.008280	0.056408	0.089141	0.134209	0.169980	0.202329	0.223570	0.258926	0.289987	0.319019	0.349602	0.379730	0.409989	0.443638	0.472163	0.503879	0.538909
1999.48	0	0.001626	0.015980	0.027112	0.042766	0.055560	0.067252	0.073351	0.086171	0.097356	0.107771	0.118726	0.129485	0.140379	0.152434	0.162683	0.173751	0.186233
2007.20	0	-0.002054	-0.004871	-0.003885	-0.000317	0.004517	0.009811	0.011961	0.018986	0.025538	0.031994	0.038934	0.046124	0.053747	0.062157	0.069625	0.077785	0.087063
2014.92	0	0.003560	0.028545	0.046741	0.073421	0.095585	0.115471	0.127481	0.148384	0.166074	0.182160	0.198487	0.214268	0.229846	0.246496	0.260492	0.275582	0.291950
2022.64	0	0.003303	0.030101	0.051525	0.084104	0.111427	0.136223	0.151974	0.178148	0.200400	0.220680	0.241479	0.261453	0.281149	0.302641	0.320527	0.339829	0.361184
2030.36	0	-0.001638	-0.003762	-0.003070	-0.000887	0.002136	0.005568	0.006092	0.010839	0.015310	0.019711	0.024487	0.029381	0.034685	0.040429	0.045543	0.050934	0.057205
2038.08	0	0.000862	0.012246	0.021175	0.033900	0.044959	0.055242	0.060654	0.072174	0.082242	0.091585	0.101256	0.110832	0.120595	0.131057	0.140102	0.149922	0.160558
2045.80	0	0.001694	0.019334	0.033476	0.054085	0.071490	0.087600	0.097351	0.115183	0.130775	0.145262	0.160434	0.175259	0.190316	0.206740	0.220558	0.235594	0.252330
2053.52	0	-0.001820	-0.005934	-0.007274	-0.008341	-0.007987	-0.007170	-0.008670	-0.006829	-0.004961	-0.003046	-0.000867	0.001488	0.004303	0.007267	0.010093	0.012943	0.016453
2061.24	0	0.001049	0.013054	0.022484	0.035912	0.047116	0.057220	0.062268	0.073251	0.082626	0.091258	0.100038	0.108640	0.117443	0.126599	0.134547	0.143016	0.152233
2068.96	0	0.001807	0.018145	0.030523	0.048064	0.062340	0.075186	0.082173	0.095838	0.107424	0.117939	0.128681	0.139020	0.149454	0.160435	0.169713	0.179546	0.190403
2076.68	0	-0.001276	-0.001795	-0.000375	0.002644	0.006256	0.009978	0.010601	0.015363	0.019666	0.023745	0.028047	0.032427	0.037109	0.042024	0.046439	0.051000	0.056205
2084.40	0	0.000099	0.007800	0.015030	0.025955	0.035370	0.043972	0.048042	0.057506	0.065698	0.073271	0.081064	0.088744	0.096717	0.105065	0.112346	0.120111	0.128648
2092.12	0	0.000926	0.013489	0.023881	0.039020	0.051714	0.063178	0.069209	0.081567	0.092168	0.101926	0.112009	0.121878	0.131961	0.142764	0.151982	0.161819	0.172800
2099.84	0	-0.000877	0.000101	0.001851	0.004716	0.007991	0.011342	0.011592	0.015895	0.019756	0.023443	0.027321	0.031230	0.035442	0.039818	0.043747	0.047727	0.052319
2107.56	0	-0.000964	-0.000459	0.000884	0.002671	0.004608	0.006537	0.005684	0.008283	0.010627	0.012860	0.015161	0.017521	0.020282	0.022927	0.025445	0.027978	0.030824
2115.28	0	0.000113	0.008089	0.015667	0.027054	0.036824	0.045654	0.049746	0.059230	0.067226	0.074526	0.081842	0.088958	0.096196	0.103654	0.110040	0.116655	0.123908
2123.00	0	-0.000704	0.001744	0.004892	0.009850	0.014699	0.019325	0.020497	0.026003	0.030817	0.035282	0.039899	0.044412	0.049261	0.054222	0.058563	0.062935	0.067964
2130.72	0	-0.000902	-0.000246	0.000896	0.002261	0.003925	0.005580	0.004557	0.006963	0.009208	0.011318	0.013520	0.015814	0.018558	0.021167	0.023638	0.026082	0.028888
2138.44	0	0.000135	0.008037	0.015351	0.026486	0.036225	0.045086	0.049317	0.059073	0.067457	0.075150	0.083016	0.090693	0.098630	0.106824	0.113833	0.121249	0.129349
2146.16	0	-0.000649	0.002378	0.006267	0.012833	0.019290	0.025437	0.027769	0.034916	0.041152	0.046950	0.052955	0.058822	0.065018	0.071420	0.076944	0.082692	0.089161
2153.88	0	-0.000948	-0.000551	0.000562	0.002052	0.003888	0.005773	0.004891	0.007522	0.009928	0.012207	0.014559	0.016991	0.019808	0.022506	0.025049	0.027552	0.030407
2161.60	0	-0.000431	0.003912	0.008605	0.015804	0.022323	0.028347	0.030506	0.037368	0.043339	0.048830	0.054485	0.060046	0.065892	0.071889	0.077083	0.082458	0.088443
2169.32	0	-0.000808	0.000796	0.003054	0.006321	0.009505	0.012507	0.012409	0.016068	0.019262	0.022208	0.025228	0.028253	0.031597	0.034880	0.037811	0.040679	0.043991
2177.04	0	-0.001042	-0.001551	-0.001491	-0.002066	-0.002260	-0.002397	-0.004855	-0.004533	-0.004204	-0.003849	-0.003492	-0.003016	-0.002099	-0.001504	-0.000722	-0.000133	0.000627
2184.76	0	-0.000766	0.001325	0.004107	0.008291	0.012288	0.016006	0.016432	0.020824	0.024666	0.028235	0.031862	0.035475	0.039485	0.043396	0.046911	0.050441	0.054413
2192.48	0	-0.000865	0.000132	0.001763	0.003952	0.006185	0.008239	0.007399	0.010036	0.012339	0.014470	0.016657	0.018856	0.021495	0.023922	0.026200	0.028364	0.030890
2200.20	0	-0.000974	-0.000784	-0.000051	0.000465	0.001133	0.001776	-0.000129	0.000976	0.001968	0.002893	0.003868	0.004878	0.006365	0.007498	0.008762	0.009834	0.011085
2207.92	0	-0.000732	0.001535	0.004493	0.009038	0.013410	0.017542	0.018301	0.023247	0.027565	0.031592	0.035714	0.039816	0.044314	0.048736	0.052676	0.056680	0.061165
2215.64	0	-0.000842	0.000350	0.002221	0.004924	0.007766	0.010472	0.010148	0.013589	0.016595	0.019397	0.022273	0.025166	0.028439	0.031570	0.034418	0.037215	0.040424
2223.36	0	-0.000997	-0.000874	-0.000086	0.000631	0.001572	0.002482	0.000815	0.002242	0.003496	0.004682	0.005910	0.007192	0.008907	0.010306	0.011772	0.013075	0.014594
2231.08	0	-0.000880	0.000016	0.001589	0.003676	0.005809	0.007809	0.006953	0.009570	0.011854	0.013983	0.016168	0.018373	0.021015	0.023408	0.025675	0.027861	0.030368
2238.80	0	-0.000905	-0.000107	0.001394	0.003439	0.005597	0.007656	0.006863	0.009595	0.012020	0.014242	0.016560	0.018886	0.021634	0.024174	0.026543	0.028817	0.031436
2246.52	0	-0.000960	-0.000698	0.000233	0.001155	0.002300	0.003368	0.001808	0.003476	0.004923	0.006307	0.007709	0.009163	0.011059	0.012638	0.014272	0.015729	0.017414
2254.24	0	-0.000801	0.000718	0.002945	0.006384	0.009933	0.013356	0.013590	0.017861	0.021616	0.025101	0.028674	0.032233	0.036226	0.040101	0.043555	0.047070	0.050998
2261.96	0	-0.000953	-0.000411	0.000797	0.002275	0.003907	0.005455	0.004257	0.006400	0.008322	0.010059	0.011861	0.013687	0.015966	0.017949	0.019837	0.021612	0.023653
2269.68	0	-0.000956	-0.000711	0.000112	0.000790	0.001675	0.002444	0.000628	0.001890	0.003002	0.004041	0.005068	0.006186	0.007743	0.008935	0.010241	0.011341	0.012602
2277.40	0	-0.000892	0.000116	0.001797	0.004160	0.006716	0.009127	0.008555	0.011674	0.014423	0.017016	0.019640	0.022292	0.025404	0.028288	0.030932	0.033502	0.036421
2285.12	0	-0.000997	-0.000879	-0.000112	0.000472	0.001262	0.001975	0.000056	0.001220	0.002284	0.003250	0.004234	0.005280	0.006810	0.007933	0.009179	0.010205	0.011427
2292.84	0	-0.000921	-0.000236	0.001074	0.002704	0.004502	0.006200	0.005017	0.007277	0.009269	0.011114	0.012982	0.014908	0.017263	0.019324	0.021295	0.023165	0.025244
2300.56	0	-0.001025	-0.000688	0.000355	0.001471	0.002796	0.004060	0.002507	0.004288	0.005861	0.007338	0.008828	0.010336	0.012381	0.014073	0.015749	0.017235	0.019013
2308.28	0	-0.001060	-0.000868	-0.000036	0.000628	0.001472	0.002282	0.000292	0.001550	0.002654	0.003677	0.004702	0.005745	0.007342	0.008532	0.009812	0.010852	0.012144
2316.00	0	-0.001129	-0.000983	-0.000187	0.000451	0.001296	0.002086	-0.000008	0.001176	0.002219	0.003221	0.004204	0.005247	0.006803	0.007993	0.009246	0.010289	0.011552
2323.72	0	-0.001165	-0.001072	-0.000274	0.000424	0.001323	0.002215	0.000122	0.001379	0.002505	0.003547	0.004622	0.005674	0.007323	0.008588	0.009950	0.011037	0.012403
2331.44	0	-0.001176	-0.001063	-0.000295	0.000356	0.001194	0.002041	-0.000152	0.001028	0.002062	0.003026	0.004030	0.004975	0.006574	0.007766	0.009043	0.010060	0.011340
2339.16	0	-0.001214	-0.001221	-0.000573	-0.000165	0.000489	0.001123	-0.001238	-0.000271	0.000575	0.001382	0.002198	0.002999	0.004475	0.005461	0.006629	0.007476	0.008587
2346.88	0	-0.001130	-0.001180	-0.000607	-0.000394	0.000023	0.000406	-0.002017	-0.001314	-0.000699	-0.000120	0.000414	0.001014	0.002191	0.002871	0.003778	0.004373	0.005169
2354.60	0	-0.001173	-0.001269	-0.000692	-0.000458	-0.000030	0.000389	-0.002065	-0.001339	-0.000690	-0.000066	0.000520	0.001165	0.002369	0.003161	0.004096	0.004768	0.005636
2362.32	0	-0.001302	-0.001502	-0.000990	-0.000833	-0.000435	-0.000026	-0.002678	-0.002046	-0.001490	-0.000958	-0.000421	0.000100	0.001325	0.002073	0.003018	0.003576	0.004449
2370.04	0	-0.001269	-0.001428	-0.000944	-0.000851	-0.000542	-0.000243	-0.002960	-0.002419	-0.001980	-0.001540	-0.001122	-0.000707	0.000401	0.001026	0.001834	0.002313	0.003047
2377.76	0	-0.001174	-0.001348	-0.000880	-0.000819	-0.000585	-0.000381	-0.002921	-0.002408	-0.001959	-0.001524	-0.001133	-0.000709	0.000298	0.000855	0.001588	0.002067	0.002728
2385.48	0	-0.001037	-0.001232	-0.000839	-0.001021	-0.000995	-0.001060	-0.003583	-0.003266	-0.003020	-0.002765	-0.002582	-0.002296	-0.001493	-0.001183	-0.000670	-0.000373	0.000027
2393.20	0	-0.001004	-0.001149	-0.000711	-0.000797	-0.000637	-0.000626	-0.003072	-0.002634	-0.002317	-0.001956	-0.001668	-0.001304	-0.000410	-0.000018	0.000579	0.000970	0.001454
2400.92	0	-0.001029	-0.001294	-0.000903	-0.001080	-0.001068	-0.001154	-0.003630	-0.003331	-0.003118	-0.002836	-0.002662	-0.002398	-0.001596	-0.001310	-0.000795	-0.000514	-0.000161
2408.64	0	-0.001024	-0.001181	-0.000749	-0.000903	-0.000842	-0.000866	-0.003363	-0.003001	-0.002766	-0.002464	-0.002282	-0.001949	-0.001135	-0.000826	-0.000299	0.000027	0.000402
2416.36	0	-0.001019	-0.001261	-0.000881	-0.001090	-0.001088	-0.001186	-0.003737	-0.003446	-0.003247	-0.003026	-0.002874	-0.002572	-0.001805	-0.001568	-0.001055	-0.000786	-0.000425
2424.08	0	-0.001000	-0.001222	-0.000800	-0.000934	-0.000918	-0.000986	-0.003520	-0.003160	-0.002965	-0.002731	-0.002555	-0.002260	-0.001476	-0.001206	-0.000716	-0.000431	-0.000076
2431.80	0	-0.001008	-0.001208	-0.000800	-0.000972	-0.000980	-0.001067	-0.003621	-0.003259	-0.003067	-0.002811	-0.002643	-0.002351	-0.001558	-0.001277	-0.000777	-0.000481	-0.000126
2439.52	0	-0.000999	-0.001230	-0.000841	-0.001040	-0.001031	-0.001115	-0.003635	-0.003307	-0.003097	-0.002849	-0.002696	-0.002419	-0.001623	-0.001342	-0.000852	-0.000560	-0.000219
2447.24	0	-0.000996	-0.001207	-0.000804	-0.000971	-0.000952	-0.001050	-0.003614	-0.003289	-0.003101	-0.002862	-0.002711	-0.002447	-0.001664	-0.001411	-0.000937	-0.000634	-0.000312
2454.96	0	-0.001009	-0.001267	-0.000869	-0.001077	-0.001073	-0.001177	-0.003717	-0.003452	-0.003275	-0.003031	-0.002887	-0.002607	-0.001819	-0.001588	-0.001095	-0.000852	-0.000546
2462.68	0	-0.000974	-0.001163	-0.000750	-0.001001	-0.001023	-0.001085	-0.003653	-0.003385	-0.003213	-0.002972	-0.002829	-0.002560	-0.001781	-0.001528	-0.001046	-0.000789	-0.000480
2470.40	0	-0.000962	-0.001198	-0.000796	-0.000947	-0.000940	-0.001036	-0.003613	-0.003271	-0.003066	-0.002824	-0.002646	-0.002366	-0.001577	-0.001312	-0.000803	-0.000509	-0.000174
2478.12	0	-0.000974	-0.001257	-0.000873	-0.001053	-0.001093	-0.001203	-0.003776	-0.003501	-0.003324	-0.003114	-0.002944	-0.002688	-0.001892	-0.001650	-0.001161	-0.000903	-0.000581
2485.84	0	-0.000955	-0.001168	-0.000737	-0.000927	-0.000897	-0.000964	-0.003504	-0.003168	-0.002982	-0.002711	-0.002567	-0.002293	-0.001473	-0.001202	-0.000722	-0.000413	-0.000070
2493.56	0	-0.000958	-0.001222	-0.000833	-0.001027	-0.001008	-0.001126	-0.003692	-0.003367	-0.003174	-0.002929	-0.002781	-0.002510	-0.001688	-0.001424	-0.000932	-0.000663	-0.000323
2501.28	0	-0.000962	-0.001191	-0.000791	-0.000943	-0.000946	-0.001051	-0.003600	-0.003298	-0.003107	-0.002877	-0.002740	-0.002460	-0.001662	-0.001404	-0.000927	-0.000681	-0.000360
2509.00	0	-0.000951	-0.001182	-0.000798	-0.000977	-0.000955	-0.001048	-0.003587	-0.003249	-0.003039	-0.002800	-0.002646	-0.002375	-0.001569	-0.001307	-0.000813	-0.000523	-0.000195
2516.72	0	-0.000974	-0.001225	-0.000817	-0.000985	-0.000954	-0.001010	-0.003523	-0.003170	-0.002954	-0.002711	-0.002524	-0.002223	-0.001391	-0.001131	-0.000646	-0.000348	0.000025
2524.44	0	-0.000994	-0.001199	-0.000772	-0.000962	-0.000976	-0.001051	-0.003570	-0.003260	-0.003086	-0.002861	-0.002700	-0.002439	-0.001652	-0.001387	-0.000911	-0.000645	-0.000319
2532.16	0	-0.000969	-0.001209	-0.000784	-0.000943	-0.000893	-0.000960	-0.003450	-0.003093	-0.002878	-0.002617	-0.002431	-0.002127	-0.001283	-0.001001	-0.000505	-0.000165	0.000160
2539.88	0	-0.000936	-0.001154	-0.000732	-0.000866	-0.000818	-0.000910	-0.003399	-0.003039	-0.002867	-0.002601	-0.002441	-0.002141	-0.001296	-0.001032	-0.000587	-0.000277	0.000064
2547.60	0	-0.000949	-0.001154	-0.000751	-0.000858	-0.000794	-0.000866	-0.003345	-0.002950	-0.002778	-0.002473	-0.002296	-0.001992	-0.001160	-0.000840	-0.000315	-0.000024	0.000355
2555.32	0	-0.000948	-0.001173	-0.000779	-0.000933	-0.000911	-0.001003	-0.003513	-0.003153	-0.002973	-0.002677	-0.002487	-0.002176	-0.001356	-0.001073	-0.000565	-0.000248	0.000104
2563.04	0	-0.000948	-0.001109	-0.000682	-0.000811	-0.000769	-0.000839	-0.003339	-0.002989	-0.002783	-0.002485	-0.002256	-0.001950	-0.001108	-0.000813	-0.000317	0.000025	0.000364
2570.76	0	-0.000971	-0.001180	-0.000731	-0.000837	-0.000722	-0.000727	-0.003172	-0.002742	-0.002501	-0.002144	-0.001883	-0.001523	-0.000644	-0.000271	0.000284	0.000657	0.001061
2578.48	0	-0.000959	-0.001118	-0.000646	-0.000762	-0.000707	-0.000791	-0.003273	-0.002898	-0.002663	-0.002369	-0.002144	-0.001846	-0.000991	-0.000675	-0.000175	0.000139	0.000490
2586.20	0	-0.000951	-0.001088	-0.000603	-0.000679	-0.000560	-0.000585	-0.003048	-0.002601	-0.002318	-0.001979	-0.001701	-0.001301	-0.000384	-0.000020	0.000559	0.000940	0.001371
2593.92	0	-0.000971	-0.001175	-0.000715	-0.000795	-0.000698	-0.000707	-0.003186	-0.002774	-0.002543	-0.002215	-0.001972	-0.001574	-0.000681	-0.000324	0.000202	0.000576	0.000982
2601.64	0	-0.000974	-0.001127	-0.000669	-0.000725	-0.000655	-0.000685	-0.003121	-0.002706	-0.002430	-0.002118	-0.001853	-0.001477	-0.000580	-0.000220	0.000346	0.000726	0.001114
2609.36	0	-0.000951	-0.001104	-0.000634	-0.000672	-0.000560	-0.000500	-0.002881	-0.002385	-0.002046	-0.001650	-0.001320	-0.000874	0.000053	0.000460	0.001084	0.001514	0.002001
2617.08	0	-0.000940	-0.001094	-0.000625	-0.000731	-0.000646	-0.000650	-0.003121	-0.002710	-0.002438	-0.002116	-0.001842	-0.001462	-0.000586	-0.000217	0.000280	0.000651	0.001061
2624.80	0	-0.000946	-0.001060	-0.000516	-0.000477	-0.000284	-0.000188	-0.002578	-0.001995	-0.001633	-0.001199	-0.000827	-0.000380	0.000612	0.001086	0.001735	0.002203	0.002703
2632.52	0	-0.000936	-0.001076	-0.000613	-0.000709	-0.000610	-0.000616	-0.003092	-0.002630	-0.002368	-0.002022	-0.001786	-0.001416	-0.000512	-0.000151	0.000398	0.000771	0.001163
2640.24	0	-0.000923	-0.000993	-0.000464	-0.000477	-0.000274	-0.000182	-0.002568	-0.002075	-0.001734	-0.001338	-0.001001	-0.000545	0.000405	0.000888	0.001477	0.001928	0.002418
2647.96	0	-0.000953	-0.001138	-0.000642	-0.000679	-0.000544	-0.000543	-0.002976	-0.002494	-0.002210	-0.001820	-0.001549	-0.001153	-0.000230	0.000187	0.000765	0.001160	0.001601
2655.68	0	-0.000943	-0.001088	-0.000578	-0.000623	-0.000488	-0.000496	-0.002969	-0.002487	-0.002205	-0.001837	-0.001562	-0.001185	-0.000246	0.000123	0.000701	0.001132	0.001525
2663.40	0	-0.000935	-0.001056	-0.000546	-0.000602	-0.000488	-0.000433	-0.002850	-0.002331	-0.002025	-0.001639	-0.001302	-0.000888	0.000088	0.000494	0.001108	0.001571	0.002055
2671.12	0	-0.000947	-0.001119	-0.000636	-0.000762	-0.000688	-0.000722	-0.003204	-0.002785	-0.002539	-0.002219	-0.002029	-0.001681	-0.000787	-0.000447	0.000077	0.000438	0.000806
2678.84	0	-0.000921	-0.000960	-0.000403	-0.000428	-0.000314	-0.000302	-0.002744	-0.002256	-0.001942	-0.001617	-0.001329	-0.000918	0.000006	0.000409	0.000976	0.001413	0.001826
2686.56	0	-0.000919	-0.001103	-0.000612	-0.000752	-0.000684	-0.000747	-0.003228	-0.002766	-0.002537	-0.002262	-0.002031	-0.001695	-0.000811	-0.000494	0.000008	0.000344	0.000750
2694.28	0	-0.000911	-0.001097	-0.000584	-0.000671	-0.000578	-0.000657	-0.003146	-0.002719	-0.002516	-0.002179	-0.001967	-0.001622	-0.000731	-0.000396	0.000105	0.000481	0.000848
2702.00	0	-0.000932	-0.001086	-0.000566	-0.000631	-0.000570	-0.000579	-0.003005	-0.002576	-0.002315	-0.001974	-0.001709	-0.001341	-0.000456	-0.000101	0.000450	0.000833	0.001220
2709.72	0	-0.000931	-0.001121	-0.000650	-0.000778	-0.000744	-0.000807	-0.003251	-0.002844	-0.002605	-0.002276	-0.002070	-0.001735	-0.000814	-0.000489	0.000050	0.000416	0.000802
2717.44	0	-0.000902	-0.000877	-0.000169	0.000170	0.000611	0.000997	-0.001154	-0.000217	0.000407	0.001104	0.001714	0.002488	0.003793	0.004555	0.005488	0.006254	0.007067
2725.16	0	-0.000878	-0.000900	-0.000191	0.000072	0.000446	0.000773	-0.001425	-0.000558	0.000042	0.000676	0.001258	0.001976	0.003191	0.003931	0.004793	0.005494	0.006260
2732.88	0	-0.000886	-0.001045	-0.000568	-0.000692	-0.000688	-0.000755	-0.003273	-0.002876	-0.002695	-0.002416	-0.002225	-0.001884	-0.001032	-0.000675	-0.000201	0.000149	0.000482
2740.60	0	-0.000894	-0.001099	-0.000607	-0.000746	-0.000728	-0.000756	-0.003250	-0.002811	-0.002612	-0.002310	-0.002115	-0.001747	-0.000884	-0.000577	-0.000003	0.000294	0.000664
2748.32	0	-0.000864	-0.001079	-0.000565	-0.000684	-0.000675	-0.000765	-0.003225	-0.002847	-0.002656	-0.002361	-0.002170	-0.001838	-0.000991	-0.000676	-0.000162	0.000147	0.000507
2756.04	0	-0.000858	-0.001028	-0.000491	-0.000573	-0.000513	-0.000532	-0.003006	-0.002556	-0.002302	-0.001979	-0.001716	-0.001324	-0.000400	-0.000058	0.000527	0.000908	0.001343
2763.76	0	-0.000868	-0.001067	-0.000494	-0.000589	-0.000511	-0.000538	-0.002929	-0.002416	-0.002177	-0.001834	-0.001591	-0.001177	-0.000230	0.000119	0.000712	0.001087	0.001513
2771.48	0	-0.000877	-0.001047	-0.000448	-0.000536	-0.000448	-0.000479	-0.002893	-0.002415	-0.002172	-0.001796	-0.001546	-0.001143	-0.000239	0.000176	0.000704	0.001105	0.001478
2779.20	0	-0.000837	-0.000997	-0.000408	-0.000460	-0.000308	-0.000281	-0.002740	-0.002168	-0.001873	-0.001457	-0.001177	-0.000739	0.000205	0.000593	0.001209	0.001632	0.002078
2786.92	0	-0.000797	-0.000911	-0.000352	-0.000301	-0.000135	-0.000030	-0.002391	-0.001770	-0.001469	-0.000998	-0.000675	-0.000121	0.000893	0.001379	0.002075	0.002544	0.003053
2794.64	0	-0.000848	-0.000916	-0.000319	-0.000267	-0.000058	0.000011	-0.002368	-0.001835	-0.001457	-0.000975	-0.000646	-0.000101	0.000962	0.001417	0.002095	0.002553	0.003047
2802.36	0	-0.000861	-0.000897	-0.000325	-0.000276	-0.000101	-0.000045	-0.002430	-0.001820	-0.001485	-0.001024	-0.000693	-0.000176	0.000881	0.001351	0.001926	0.002435	0.002945
2810.08	0	-0.000832	-0.000925	-0.000340	-0.000295	-0.000153	-0.000170	-0.002571	-0.001974	-0.001696	-0.001259	-0.000982	-0.000459	0.000535	0.001032	0.001606	0.002103	0.002517
2817.80	0	-0.000835	-0.000903	-0.000246	-0.000132	0.000118	0.000266	-0.002037	-0.001318	-0.000911	-0.000364	0.000040	0.000679	0.001781	0.002381	0.003105	0.003703	0.004284
2825.52	0	-0.000884	-0.000877	-0.000160	0.000062	0.000387	0.000599	-0.001586	-0.000763	-0.000323	0.000283	0.000754	0.001475	0.002662	0.003322	0.004124	0.004788	0.005485
2833.24	0	-0.000869	-0.000960	-0.000354	-0.000360	-0.000272	-0.000311	-0.002691	-0.002122	-0.001867	-0.001425	-0.001191	-0.000689	0.000325	0.000704	0.001385	0.001780	0.002176
2840.96	0	-0.000814	-0.000803	-0.000099	0.000036	0.000312	0.000445	-0.001847	-0.001100	-0.000714	-0.000136	0.000285	0.000931	0.002020	0.002645	0.003367	0.003969	0.004575
2848.68	0	-0.000801	-0.000854	-0.000148	-0.000042	0.000292	0.000417	-0.001883	-0.001152	-0.000719	-0.000117	0.000321	0.001066	0.002180	0.002880	0.003610	0.004236	0.004867
2856.40	0	-0.000756	-0.000895	-0.000248	-0.000257	-0.000123	-0.000061	-0.002519	-0.001952	-0.001648	-0.001231	-0.000970	-0.000405	0.000608	0.000998	0.001640	0.002026	0.002478
2864.12	0	-0.000737	-0.000734	0.000057	0.000302	0.000680	0.000967	-0.001275	-0.000336	0.000165	0.000861	0.001381	0.002183	0.003423	0.004146	0.004997	0.005672	0.006440
2871.84	0	-0.000755	-0.000682	0.000078	0.000492	0.001076	0.001508	-0.000575	0.000542	0.001229	0.002094	0.002738	0.003713	0.005059	0.005982	0.006936	0.007747	0.008620
2879.56	0	-0.000778	-0.000829	-0.000199	-0.000178	-0.000008	0.000061	-0.002368	-0.001712	-0.001403	-0.000908	-0.000602	-0.000038	0.001002	0.001445	0.002081	0.002538	0.003001
2887.28	0	-0.000767	-0.000703	0.000194	0.000646	0.001178	0.001657	-0.000434	0.000727	0.001430	0.002368	0.003102	0.004114	0.005561	0.006458	0.007495	0.008376	0.009275
2895.00	0	-0.000691	-0.000223	0.001075	0.002366	0.003715	0.004973	0.003431	0.005467	0.006943	0.008576	0.010005	0.011722	0.013792	0.015450	0.017029	0.018609	0.020213
2902.72	0	-0.000770	-0.000750	0.000089	0.000436	0.000885	0.001288	-0.000987	0.000080	0.000694	0.001519	0.002140	0.003053	0.004354	0.005215	0.006115	0.006963	0.007780
2910.44	0	-0.000699	-0.000064	0.001456	0.003054	0.004775	0.006351	0.005124	0.007491	0.009262	0.011205	0.012964	0.015007	0.017445	0.019479	0.021396	0.023301	0.025226
2918.16	0	-0.000665	-0.000193	0.001094	0.002296	0.003488	0.004602	0.002939	0.004802	0.006093	0.007589	0.008868	0.010429	0.012500	0.013988	0.015507	0.016913	0.018390
2925.88	0	-0.000759	-0.000926	-0.000356	-0.000281	-0.000246	-0.000175	-0.002606	-0.001838	-0.001482	-0.000882	-0.000541	0.000246	0.001515	0.002153	0.002989	0.003717	0.004430
2933.60	0	-0.000435	0.002317	0.006027	0.011864	0.017476	0.022821	0.024363	0.030830	0.036058	0.041248	0.046188	0.051434	0.057017	0.062331	0.066907	0.071787	0.076874
2941.32	0	-0.000600	0.000578	0.002714	0.005474	0.008253	0.010932	0.010408	0.014029	0.016776	0.019699	0.022412	0.025355	0.028798	0.031800	0.034492	0.037233	0.040201
2949.04	0	-0.000667	-0.000469	0.000553	0.001323	0.002182	0.002956	0.001098	0.002690	0.003737	0.005076	0.006141	0.007609	0.009535	0.010996	0.012474	0.013913	0.015379
2956.76	0	-0.000276	0.003246	0.007785	0.015073	0.022087	0.028767	0.031380	0.039404	0.045967	0.052469	0.058710	0.065186	0.072021	0.078781	0.084501	0.090635	0.097124
2964.48	0	-0.000561	0.000933	0.003492	0.007175	0.010984	0.014740	0.015099	0.019995	0.023852	0.027861	0.031686	0.035809	0.040362	0.044689	0.048469	0.052473	0.056768
2972.20	0	-0.000284	0.003378	0.008084	0.015547	0.022649	0.029274	0.031954	0.039901	0.046373	0.052749	0.058918	0.065390	0.072132	0.078907	0.084758	0.091040	0.097610
2979.92	0	-0.000076	0.004854	0.010786	0.020595	0.029802	0.038554	0.042676	0.052812	0.061113	0.069233	0.077145	0.085266	0.093711	0.102162	0.109448	0.117182	0.125548
2987.64	0	-0.000250	0.003517	0.008339	0.016208	0.023864	0.031267	0.034418	0.043156	0.050274	0.057318	0.064190	0.071341	0.078728	0.086111	0.092509	0.099329	0.106602
2995.36	0	0.000049	0.006170	0.013259	0.025042	0.035956	0.046270	0.051630	0.063448	0.073191	0.082674	0.092086	0.101622	0.111298	0.121251	0.129643	0.138675	0.148276
3003.08	0	-0.000412	0.001614	0.004624	0.009114	0.013483	0.017740	0.018482	0.023938	0.028191	0.032575	0.036729	0.041266	0.046044	0.050618	0.054729	0.059009	0.063539
3010.80	0	0.000628	0.011639	0.023463	0.042967	0.060308	0.076140	0.085501	0.102890	0.117214	0.130819	0.144345	0.158017	0.171726	0.185994	0.198127	0.211407	0.225250
3018.52	0	0.000187	0.006804	0.014001	0.025408	0.035453	0.044671	0.048958	0.059451	0.067832	0.076093	0.084195	0.092523	0.101062	0.109702	0.116949	0.124717	0.133140
3026.24	0	-0.000333	0.002708	0.006657	0.012844	0.018720	0.024209	0.026036	0.032939	0.038374	0.043975	0.049228	0.055021	0.060989	0.066881	0.072108	0.077794	0.083673
3033.96	0	0.000924	0.014323	0.028523	0.052162	0.072948	0.091674	0.103060	0.123393	0.140027	0.155979	0.171711	0.187644	0.203659	0.220276	0.234316	0.249625	0.265957
3041.68	0	-0.000384	0.001873	0.004956	0.009290	0.013350	0.017129	0.017470	0.022289	0.025857	0.029717	0.033262	0.037202	0.041454	0.045450	0.048923	0.052525	0.056487
3049.40	0	-0.000411	0.001968	0.005168	0.009808	0.014133	0.018164	0.018770	0.023713	0.027396	0.031257	0.034762	0.038671	0.042864	0.046705	0.050157	0.053848	0.057671
3057.12	0	0.000180	0.006877	0.014365	0.026263	0.036962	0.046823	0.051920	0.063233	0.072343	0.081363	0.090100	0.099196	0.108397	0.117730	0.125782	0.134473	0.143701
3064.84	0	0.000277	0.007862	0.016228	0.029790	0.042061	0.053513	0.059763	0.072902	0.083613	0.094202	0.104664	0.115415	0.126186	0.137505	0.147149	0.157596	0.168867
3072.56	0	-0.000224	0.002767	0.006543	0.011842	0.016561	0.020921	0.021631	0.026908	0.030765	0.034908	0.038746	0.042964	0.047316	0.051552	0.055376	0.059328	0.063561
3080.28	0	0.000253	0.007094	0.015038	0.028164	0.040279	0.051547	0.057639	0.070272	0.080321	0.090274	0.099803	0.109632	0.119341	0.129297	0.137893	0.147165	0.156826
3088.00	0	-0.000013	0.004382	0.009719	0.018190	0.026215	0.033772	0.037187	0.046168	0.053312	0.060593	0.067634	0.075022	0.082500	0.090109	0.096720	0.103724	0.111464
3095.72	0	0.000154	0.005732	0.012249	0.022765	0.032435	0.041326	0.045774	0.056111	0.064387	0.072611	0.080483	0.088748	0.096968	0.105321	0.112704	0.120521	0.128674
3103.44	0	0.000835	0.011862	0.024241	0.045845	0.065939	0.084914	0.097063	0.118556	0.136410	0.153703	0.170975	0.188568	0.206185	0.224640	0.240364	0.257599	0.276082
3111.16	0	0.000219	0.005891	0.012760	0.024612	0.036225	0.047582	0.054210	0.067779	0.079057	0.090284	0.101427	0.112981	0.124530	0.136583	0.146969	0.158270	0.170282
3118.88	0	0.001271	0.015922	0.031821	0.059517	0.084962	0.108784	0.124596	0.151142	0.173270	0.194605	0.215904	0.237582	0.258942	0.281639	0.300960	0.322212	0.344888
3126.60	0	0.001009	0.013059	0.026398	0.049335	0.070327	0.089842	0.102204	0.123731	0.141237	0.158115	0.174709	0.191481	0.208031	0.225348	0.239824	0.255462	0.272349
3134.32	0	0.000178	0.004979	0.010768	0.020175	0.029023	0.037296	0.041527	0.051428	0.059280	0.067339	0.075066	0.083263	0.091416	0.099864	0.107084	0.114764	0.123051
3142.04	0	-0.000143	0.001908	0.004708	0.008355	0.011847	0.014986	0.015371	0.019703	0.022749	0.026333	0.029532	0.033300	0.037129	0.040841	0.044180	0.047563	0.051233
3149.76	0	-0.000213	0.001205	0.003510	0.006519	0.009790	0.012952	0.013436	0.018019	0.021409	0.025245	0.028722	0.032815	0.037036	0.041086	0.044748	0.048484	0.052578
3157.48	0	-0.000081	0.001684	0.004261	0.007588	0.010735	0.013606	0.013763	0.017861	0.020633	0.023961	0.026804	0.030355	0.033952	0.037238	0.040341	0.043355	0.046737
3165.20	0	-0.000200	0.000620	0.002381	0.004345	0.006528	0.008685	0.008377	0.011828	0.014127	0.017091	0.019556	0.022821	0.026164	0.029213	0.032119	0.035007	0.038228
3172.92	0	0.000066	0.002888	0.006628	0.012172	0.017666	0.022941	0.025016	0.031837	0.037149	0.042886	0.048152	0.054250	0.060347	0.066422	0.071810	0.077549	0.083688
3180.64	0	0.000458	0.006646	0.013792	0.025286	0.035815	0.045684	0.051133	0.062703	0.071778	0.081096	0.089960	0.099501	0.108869	0.118551	0.126911	0.135887	0.145546
3188.36	0	0.000118	0.003227	0.007349	0.013573	0.019709	0.025534	0.028114	0.035525	0.041121	0.047122	0.052648	0.058910	0.065050	0.071256	0.076721	0.082451	0.088622
3196.08	0	0.000348	0.005354	0.011320	0.020614	0.029449	0.037586	0.041999	0.051846	0.059622	0.067679	0.075193	0.083437	0.091576	0.099943	0.107216	0.115050	0.123364
3203.80	0	0.000335	0.005120	0.010832	0.019598	0.027888	0.035657	0.039751	0.049302	0.056768	0.064598	0.071943	0.080060	0.088184	0.096475	0.103678	0.111443	0.119902
3211.52	0	0.000509	0.006364	0.013082	0.023471	0.033052	0.041868	0.046630	0.057016	0.065079	0.073428	0.081237	0.089814	0.098324	0.106882	0.114299	0.122345	0.130857
3219.24	0	0.000780	0.009003	0.018225	0.033386	0.047375	0.060383	0.068472	0.083435	0.095518	0.107791	0.119487	0.131959	0.144476	0.157280	0.168203	0.180246	0.193009
3226.96	0	0.000928	0.009340	0.018711	0.034528	0.049336	0.063301	0.072176	0.088225	0.101172	0.114047	0.126359	0.139323	0.152169	0.165335	0.176484	0.188592	0.201313
3234.68	0	0.001149	0.010936	0.021707	0.039996	0.057027	0.072894	0.083277	0.101529	0.116249	0.130809	0.144885	0.159637	0.174195	0.189278	0.201903	0.215706	0.230364
3242.40	0	0.000761	0.007534	0.015182	0.027926	0.039894	0.051154	0.058131	0.071561	0.082238	0.093242	0.103682	0.114896	0.126173	0.137690	0.147486	0.158194	0.169622
3250.12	0	0.000928	0.008726	0.017103	0.030419	0.042593	0.053857	0.060731	0.073983	0.084442	0.095172	0.105400	0.116358	0.127337	0.138460	0.148011	0.158439	0.169461
3257.84	0	0.001366	0.012195	0.023661	0.042269	0.059148	0.074592	0.084698	0.102482	0.116773	0.131150	0.145054	0.159773	0.174416	0.189697	0.202577	0.216678	0.231771
3265.56	0	0.000710	0.005413	0.010951	0.019949	0.028877	0.037590	0.042827	0.053810	0.062508	0.071766	0.080566	0.090320	0.100095	0.110102	0.118765	0.128145	0.138264
3273.28	0	0.001312	0.011666	0.023144	0.042538	0.060394	0.076904	0.087721	0.106325	0.121179	0.135853	0.149928	0.164698	0.179215	0.194096	0.206806	0.220727	0.235143
3281.00	0	0.002210	0.018815	0.035709	0.063912	0.089099	0.112306	0.128035	0.154093	0.175176	0.195883	0.216164	0.237163	0.257964	0.279787	0.298104	0.318174	0.339905
3288.72	0	0.001656	0.013507	0.025615	0.045423	0.063269	0.079891	0.090914	0.109827	0.124965	0.140005	0.154402	0.169510	0.184311	0.199539	0.212415	0.226300	0.241018
3296.44	0	0.001319	0.010979	0.021733	0.040357	0.057883	0.074407	0.085706	0.104890	0.120607	0.136255	0.151406	0.167320	0.183109	0.199436	0.213273	0.228352	0.244392
3304.16	0	0.001200	0.008356	0.016226	0.028791	0.040485	0.051180	0.057800	0.070271	0.079785	0.089630	0.098595	0.108378	0.117905	0.127477	0.135659	0.144402	0.153804
3311.88	0	0.002181	0.017377	0.032850	0.058006	0.080289	0.100581	0.114211	0.136414	0.153964	0.171272	0.187561	0.204519	0.221119	0.238058	0.252216	0.267666	0.284032
3319.60	0	0.001435	0.009908	0.018885	0.033467	0.046955	0.059565	0.068044	0.083062	0.095152	0.107574	0.119481	0.132327	0.145221	0.158277	0.169410	0.181551	0.194808
3327.32	0	0.001313	0.009422	0.019213	0.036469	0.053029	0.068526	0.079316	0.097148	0.111341	0.125478	0.138744	0.152897	0.166548	0.180343	0.192129	0.204728	0.217967
3335.04	0	0.003019	0.022206	0.039631	0.066458	0.089763	0.111188	0.126471	0.151140	0.171256	0.191484	0.211122	0.232001	0.252708	0.274484	0.293059	0.313358	0.335459
3342.76	0	0.002154	0.013812	0.024258	0.039727	0.053549	0.066371	0.075348	0.090973	0.103546	0.116646	0.129113	0.142719	0.156403	0.170454	0.182458	0.195469	0.209760
3350.48	0	0.000824	0.004384	0.009396	0.018055	0.027067	0.035776	0.041986	0.053312	0.062368	0.071981	0.080909	0.091091	0.101291	0.111463	0.120340	0.129910	0.140298
3358.20	0	0.003207	0.023206	0.042420	0.072841	0.099134	0.123006	0.140299	0.167559	0.189667	0.211717	0.232903	0.255365	0.277424	0.300281	0.319827	0.341325	0.364074
3365.92	0	0.003855	0.030246	0.057047	0.102894	0.144395	0.183353	0.212065	0.256447	0.293210	0.329706	0.365542	0.402900	0.440046	0.479616	0.512615	0.549536	0.589461
3373.64	0	0.001954	0.012708	0.023774	0.042222	0.059398	0.075598	0.087390	0.106632	0.122127	0.137884	0.152840	0.169050	0.184788	0.201222	0.214820	0.229628	0.245629
3381.36	0	0.002213	0.013888	0.026347	0.047863	0.068285	0.087642	0.102157	0.125234	0.144004	0.162983	0.181029	0.200555	0.219681	0.239656	0.256423	0.274799	0.294578
3389.08	0	0.003137	0.021713	0.039631	0.067776	0.091663	0.112899	0.128053	0.151661	0.170294	0.189079	0.206780	0.225821	0.244638	0.263838	0.279923	0.297631	0.316570
3396.80	0	0.004844	0.034519	0.060563	0.099861	0.132649	0.162048	0.183516	0.216747	0.243818	0.270774	0.296869	0.324467	0.351491	0.380066	0.404061	0.430543	0.458842
3404.52	0	0.003361	0.022477	0.040716	0.070513	0.097417	0.122507	0.141024	0.169968	0.193405	0.216761	0.238964	0.262414	0.285335	0.309164	0.328758	0.349961	0.372724
3412.24	0	0.001389	0.006611	0.013309	0.025391	0.037743	0.049679	0.058919	0.074198	0.086623	0.099822	0.112444	0.126637	0.140939	0.155754	0.168564	0.182749	0.198143
3419.96	0	0.006026	0.044552	0.079760	0.135874	0.183915	0.227148	0.258739	0.306564	0.345208	0.383055	0.419131	0.456974	0.494155	0.532755	0.565052	0.601115	0.639055
3427.68	0	0.005053	0.035801	0.062711	0.104828	0.140793	0.173098	0.196370	0.231912	0.260166	0.287990	0.314180	0.341790	0.368827	0.396287	0.418934	0.443844	0.470468
3435.40	0	0.002160	0.014117	0.028350	0.053658	0.076905	0.098428	0.114881	0.140204	0.160971	0.182164	0.202808	0.225133	0.247510	0.271140	0.291408	0.314278	0.338972
3443.12	0	0.009103	0.067014	0.116311	0.193557	0.259424	0.320020	0.364769	0.433938	0.490746	0.547932	0.603737	0.663308	0.722961	0.787602	0.842839	0.905995	0.974316
3450.84	0	0.006903	0.044426	0.071728	0.110841	0.143976	0.174074	0.195805	0.229600	0.256501	0.283605	0.309421	0.336981	0.363954	0.392200	0.415582	0.441415	0.469455
3458.56	0	0.005915	0.039402	0.068099	0.112071	0.149657	0.183905	0.209810	0.249115	0.280917	0.312457	0.342579	0.374292	0.405065	0.437281	0.464044	0.493771	0.524967
3466.28	0	0.009324	0.067344	0.117085	0.195150	0.262035	0.323813	0.370112	0.442192	0.502258	0.563122	0.623050	0.687591	0.752621	0.822906	0.883096	0.951173	1.025904
3474.00	0	0.003296	0.022333	0.042249	0.075197	0.104615	0.131820	0.152694	0.185084	0.212093	0.240015	0.267755	0.297908	0.328454	0.361565	0.389595	0.421647	0.456742
3481.72	0	0.012279	0.080094	0.129326	0.198058	0.254073	0.305457	0.343563	0.401943	0.449200	0.495892	0.539911	0.586368	0.631422	0.677929	0.716413	0.759425	0.803553
3489.44	0	0.010409	0.070081	0.117579	0.191234	0.255620	0.317216	0.363902	0.436922	0.498003	0.559852	0.620619	0.685667	0.750840	0.819434	0.876785	0.941200	1.010238
3497.16	0	0.006092	0.044126	0.077294	0.128540	0.173632	0.216261	0.249608	0.300935	0.344356	0.388559	0.432417	0.479597	0.526806	0.577455	0.620202	0.669596	0.721989
3504.88	0	0.024489	0.163944	0.269444	0.425827	0.551622	0.663424	0.743024	0.872548	0.975452	1.086767	1.189899	1.316423	1.445492	1.586789	1.714925	1.870176	2.011622
3512.60	0	0.011221	0.070518	0.117796	0.194005	0.260445	0.321765	0.366545	0.436073	0.492018	0.548046	0.601753	0.658517	0.713833	0.772306	0.820821	0.874442	0.932851
3520.32	0	0.008936	0.058837	0.100247	0.166651	0.225101	0.279556	0.320897	0.384293	0.437135	0.490613	0.542981	0.598660	0.653201	0.712278	0.761659	0.817713	0.877516
3528.04	0	0.031972	0.210863	0.353233	0.586464	0.789698	0.979557	1.108757	1.339542	1.487809	1.679228	1.787371	1.944479	1.997006	2.039908	2.061085	2.073221	2.089023
3535.76	0	0.008107	0.058828	0.099105	0.162888	0.220679	0.276328	0.318362	0.384072	0.438883	0.494534	0.549924	0.608838	0.667503	0.731617	0.785678	0.846896	0.914098
3543.48	0	0.020425	0.112813	0.176194	0.272238	0.350878	0.420415	0.469603	0.546864	0.609781	0.674373	0.737817	0.806843	0.876496	0.952823	1.017893	1.093886	1.176048
3551.20	0	0.031862	0.179932	0.283412	0.446216	0.585083	0.713880	0.801515	0.949689	1.061814	1.183709	1.292611	1.420456	1.542699	1.666389	1.766865	1.879121	1.989802
3558.92	0	0.006482	0.064723	0.118698	0.211424	0.297113	0.379954	0.441670	0.538522	0.618581	0.698812	0.776627	0.860066	0.941319	1.029318	1.103206	1.186752	1.275687
3566.64	0	0.051302	0.279945	0.430957	0.663163	0.862071	1.052579	1.184484	1.439444	1.616386	1.846683	1.977636	2.136887	2.183346	2.193847	2.195733	2.216194	2.242478
3574.36	0	0.026253	0.137014	0.211996	0.328842	0.429832	0.525647	0.593126	0.706663	0.799616	0.895703	0.990177	1.094627	1.196328	1.307437	1.401497	1.505922	1.621487
3582.08	0	0.006485	0.069849	0.133856	0.243441	0.342597	0.438241	0.510251	0.625663	0.723230	0.822678	0.921270	1.028909	1.135036	1.251944	1.353810	1.467614	1.590766
3589.80	0	0.051284	0.264990	0.410477	0.635208	0.828891	1.016250	1.146646	1.406805	1.610687	1.877525	2.070026	2.259732	2.265273	2.260730	2.261295	2.272044	2.290332
3597.52	0	0.026032	0.177078	0.300079	0.502864	0.679445	0.846251	0.958794	1.159061	1.309368	1.472217	1.611525	1.777277	1.919755	2.057860	2.155118	2.238552	2.295659
3605.24	0	0.019282	0.136558	0.235629	0.400241	0.544636	0.680901	0.776509	0.940207	1.073098	1.214349	1.350927	1.507896	1.656747	1.824977	1.964150	2.113494	2.240259
3612.96	0	0.053084	0.295381	0.474942	0.773279	1.041333	1.292821	1.439903	1.730782	1.860676	2.030956	2.088981	2.221051	2.273194	2.335877	2.360852	2.364867	2.380218
3620.68	0	0.033828	0.216590	0.356472	0.581663	0.775083	0.955802	1.073418	1.291753	1.457032	1.644593	1.801833	2.004997	2.166636	2.300358	2.375832	2.415128	2.427135
3628.40	0	0.045635	0.236924	0.366460	0.571507	0.756182	0.938683	1.061908	1.303842	1.498559	1.728696	1.931090	2.196161	2.362337	2.446556	2.457788	2.452413	2.438498
3636.12	0	0.026707	0.146164	0.234115	0.378987	0.511580	0.640907	0.728032	0.882183	1.007414	1.136613	1.260753	1.399317	1.529906	1.673802	1.799201	1.935647	2.079333
3643.84	0	0.009822	0.086219	0.150181	0.253775	0.347520	0.440133	0.509890	0.626422	0.729296	0.835938	0.947213	1.067667	1.188480	1.325033	1.443921	1.582174	1.731061
3651.56	0	0.069514	0.417550	0.680521	1.150240	1.679217	1.585652	1.450273	1.393181	1.410936	1.435658	1.504140	1.565458	1.652008	1.753300	1.841499	1.952915	2.058472
3659.28	0	0.016644	0.098384	0.162268	0.272673	0.378102	0.483418	0.556958	0.684708	0.792944	0.902899	1.012438	1.129471	1.244370	1.370703	1.479935	1.603289	1.738741
3667.00	0	0.009516	0.066510	0.116375	0.200901	0.281347	0.363058	0.423838	0.527958	0.620880	0.716802	0.816019	0.922130	1.028943	1.148484	1.252825	1.371504	1.502785
3674.72	0	0.060086	0.359959	0.580965	0.964059	1.379414	1.807540	1.644513	1.567182	1.568283	1.584723	1.662073	1.726080	1.819859	1.928591	2.016034	2.130240	2.211641
3682.44	0	0.021652	0.134734	0.217143	0.351657	0.472691	0.589351	0.666712	0.805752	0.920432	1.039888	1.157794	1.288209	1.412383	1.553567	1.675686	1.811195	1.966154
3690.16	0	0.027623	0.178720	0.296385	0.477375	0.626728	0.764817	0.851022	1.010988	1.136161	1.272040	1.397081	1.543095	1.672329	1.822272	1.951292	2.080259	2.221628
3697.88	0	0.020348	0.133770	0.221532	0.364975	0.493722	0.618478	0.702146	0.850016	0.971034	1.095304	1.216143	1.347892	1.472788	1.612871	1.735351	1.865416	2.007086
3705.60	0	0.014629	0.108587	0.184572	0.308979	0.419310	0.526135	0.602697	0.733118	0.844526	0.959753	1.075735	1.201529	1.323892	1.460985	1.583650	1.717329	1.863731
3713.32	0	0.042323	0.258388	0.415110	0.665111	0.884302	1.096612	1.231755	1.505751	1.689764	1.922073	2.050425	2.218197	2.271846	2.325157	2.353869	2.370951	2.374818
3721.04	0	0.030392	0.194198	0.313400	0.501101	0.664803	0.820067	0.925472	1.111534	1.255944	1.411355	1.547899	1.708151	1.846128	1.993732	2.117120	2.235358	2.330073
3728.76	0	0.044650	0.276674	0.459313	0.762700	1.029603	1.291985	1.464053	1.851887	2.091511	2.281566	2.308136	2.293537	2.304090	2.336145	2.353818	2.378932	2.381742
3736.48	0	0.059262	0.334552	0.531045	0.849386	1.124445	1.378848	1.515753	1.801745	1.921044	2.083448	2.114353	2.215690	2.250132	2.300728	2.351778	2.361910	2.387837
3744.20	0	0.062428	0.351536	0.579511	0.980152	1.348736	1.705923	1.879843	2.158585	2.259809	2.200934	2.266798	2.239200	2.268460	2.297626	2.310244	2.343282	2.357347
3751.92	0	0.064655	0.379176	0.638866	1.107684	1.561648	2.025878	2.084798	2.150799	2.237247	2.239115	2.330877	2.362895	2.367301	2.373523	2.375023	2.353553	2.350992
3759.64	0	0.029045	0.192986	0.314535	0.508184	0.677394	0.838804	0.944285	1.137561	1.285893	1.444105	1.583387	1.747176	1.882043	2.032111	2.154052	2.255157	2.321100
3767.36	0	0.020810	0.143163	0.246664	0.426198	0.590858	0.753152	0.866705	1.072712	1.246308	1.439925	1.631275	1.880502	2.111614	2.342519	2.405059	2.403364	2.366820
3775.08	0	0.013178	0.082883	0.135084	0.217440	0.289047	0.356945	0.401176	0.479679	0.545641	0.613260	0.681194	0.753429	0.825368	0.905661	0.975851	1.056367	1.145238
3782.80	0	0.012586	0.097255	0.163773	0.270354	0.363902	0.452706	0.513564	0.617289	0.702828	0.791006	0.877488	0.970920	1.060865	1.161412	1.248940	1.348476	1.457065
3790.52	0	0.004057	0.045968	0.088181	0.161162	0.227846	0.292461	0.338499	0.413796	0.477494	0.541604	0.606508	0.674578	0.741947	0.816993	0.881528	0.954998	1.035451
3798.24	0	0.019235	0.123329	0.195825	0.298829	0.378888	0.448167	0.487322	0.559751	0.616968	0.675894	0.732689	0.794670	0.855779	0.924325	0.984944	1.055295	1.132683
3805.96	0	0.032858	0.211616	0.349276	0.577139	0.789013	1.016441	1.188759	1.600490	1.901992	1.833815	1.689419	1.603948	1.583499	1.591634	1.610199	1.644790	1.687353
3813.68	0	0.011984	0.072903	0.124097	0.214383	0.300986	0.388268	0.447610	0.554414	0.646445	0.740442	0.835737	0.937168	1.036345	1.147024	1.243628	1.350875	1.466635
3821.40	0	0.039251	0.251478	0.415828	0.681972	0.919215	1.157094	1.311978	1.648943	1.871035	2.140337	2.192915	2.195327	2.198085	2.201975	2.208009	2.228445	2.240151
3829.12	0	0.019205	0.139538	0.240770	0.414215	0.573134	0.729890	0.835185	1.023539	1.171200	1.330480	1.471163	1.637619	1.769855	1.919605	2.042483	2.153115	2.262316
3836.84	0	0.036394	0.217798	0.353145	0.572683	0.761353	0.937238	1.042650	1.245517	1.383954	1.544099	1.663859	1.820642	1.917109	2.036864	2.146854	2.222189	2.298108
3844.56	0	0.033274	0.225199	0.372408	0.605262	0.796745	0.973529	1.083017	1.295549	1.450201	1.636202	1.785341	1.998890	2.146351	2.297201	2.389434	2.435251	2.436294
3852.28	0	0.036817	0.192039	0.300107	0.462969	0.597309	0.723175	0.797876	0.945322	1.063314	1.190394	1.311484	1.450956	1.573970	1.711684	1.834192	1.960600	2.091277
3860.00	0	0.046494	0.253666	0.405749	0.653753	0.873053	1.087040	1.218518	1.489585	1.666660	1.859980	1.962409	2.076161	2.113204	2.155685	2.175993	2.201454	2.227225
3867.72	0	0.036921	0.229141	0.375576	0.612649	0.823070	1.032086	1.171511	1.447828	1.646664	1.878004	2.010417	2.152788	2.181230	2.226125	2.236000	2.260741	2.286498
3875.44	0	0.037419	0.213127	0.324822	0.488962	0.631558	0.772862	0.864376	1.037753	1.174739	1.320948	1.451856	1.602553	1.716663	1.842411	1.951089	2.044515	2.137993
3883.16	0	0.037392	0.201946	0.313044	0.497403	0.665802	0.833446	0.948483	1.163765	1.343721	1.546705	1.745522	1.987121	2.141004	2.239826	2.256701	2.262183	2.249668
3890.88	0	0.029158	0.164238	0.263398	0.424719	0.569121	0.709012	0.800714	0.963825	1.092230	1.222483	1.342800	1.469459	1.570032	1.688854	1.786829	1.884712	1.993176
3898.60	0	0.037365	0.212309	0.346000	0.564555	0.761672	0.960437	1.103833	1.394545	1.645365	1.928836	1.979167	1.897044	1.878276	1.867025	1.869098	1.904342	1.933329
3906.32	0	0.050111	0.257347	0.392731	0.573400	0.685680	0.767990	0.805003	0.884141	0.943096	1.009210	1.073298	1.144817	1.208436	1.288727	1.359217	1.435489	1.527635
3914.04	0	0.009078	0.054110	0.088690	0.147360	0.204376	0.263636	0.306813	0.379854	0.444644	0.509628	0.577365	0.647718	0.716471	0.796537	0.865868	0.944390	1.031753
3921.76	0	0.026186	0.147918	0.235273	0.369156	0.484236	0.595451	0.673629	0.807054	0.920647	1.035234	1.151019	1.272896	1.385116	1.516549	1.632141	1.754181	1.873379
3929.48	0	0.026767	0.167504	0.268672	0.422152	0.549924	0.669598	0.749429	0.883328	0.991381	1.098009	1.202914	1.310821	1.404427	1.512424	1.610554	1.705259	1.806624
3937.20	0	0.014911	0.091669	0.149092	0.241633	0.323500	0.401867	0.455022	0.541255	0.612984	0.682111	0.752253	0.823734	0.890946	0.969913	1.039240	1.116007	1.202429
3944.92	0	0.022637	0.125641	0.194942	0.301943	0.393545	0.480754	0.540640	0.639324	0.722977	0.803199	0.885944	0.969184	1.045859	1.135363	1.212265	1.295314	1.386592
3952.64	0	0.018407	0.113007	0.181413	0.288317	0.379612	0.465891	0.525186	0.621448	0.703523	0.782673	0.864715	0.946992	1.026278	1.118049	1.199549	1.289276	1.390341
3960.36	0	0.008518	0.065920	0.113544	0.188951	0.255726	0.321814	0.369298	0.447248	0.516209	0.583605	0.654466	0.725870	0.795413	0.875793	0.944993	1.020791	1.105571
3968.08	0	0.009033	0.061100	0.099151	0.156360	0.206302	0.255171	0.289327	0.345381	0.394154	0.441067	0.489697	0.537999	0.584271	0.637689	0.682294	0.731088	0.784878
3975.80	0	0.008852	0.069872	0.119874	0.197067	0.260693	0.319182	0.358715	0.421637	0.475372	0.526045	0.578786	0.631081	0.681565	0.740829	0.791669	0.847928	0.910356
3983.52	0	0.004988	0.042705	0.075437	0.125615	0.166476	0.204222	0.228449	0.268648	0.302332	0.334157	0.366913	0.399526	0.430524	0.466281	0.496382	0.528996	0.565197
3991.24	0	0.005163	0.041370	0.069704	0.111413	0.146632	0.179562	0.200643	0.236304	0.266076	0.294974	0.324324	0.353861	0.381993	0.415136	0.443051	0.474041	0.508182
3998.96	0	0.004557	0.038307	0.065012	0.103802	0.135518	0.164795	0.183332	0.214891	0.242054	0.267677	0.294328	0.320586	0.345889	0.375362	0.399956	0.426678	0.456769
4006.68	0	0.000793	0.012834	0.026383	0.049457	0.070588	0.091628	0.104961	0.129286	0.151140	0.171918	0.193835	0.215929	0.237577	0.262484	0.283697	0.307119	0.333098
4014.40	0	0.002383	0.026259	0.049801	0.088463	0.122168	0.154050	0.174658	0.209097	0.238554	0.266305	0.294831	0.323091	0.350288	0.381367	0.407616	0.436183	0.467729
4022.12	0	0.001454	0.017937	0.035743	0.065619	0.091701	0.116431	0.131667	0.158192	0.180649	0.201785	0.223634	0.244873	0.265367	0.288992	0.308607	0.329726	0.353525
4029.84	0	0.000283	0.008764	0.018828	0.035557	0.050886	0.066118	0.074469	0.091352	0.106044	0.120081	0.134676	0.149112	0.163404	0.179807	0.193607	0.208778	0.225698
4037.56	0	0.000406	0.008556	0.018396	0.035375	0.051360	0.067256	0.076238	0.093990	0.109335	0.123790	0.138820	0.153689	0.168269	0.184909	0.198907	0.213925	0.230729
4045.28	0	0.000543	0.011305	0.023228	0.042854	0.060285	0.077007	0.086336	0.104397	0.119800	0.134046	0.148711	0.163130	0.176972	0.192754	0.205890	0.219983	0.235496
4053.00	0	-0.000089	0.004749	0.010939	0.021029	0.030254	0.039462	0.043218	0.053550	0.062300	0.070726	0.079261	0.087837	0.096203	0.105757	0.113765	0.122438	0.131997
4060.72	0	-0.000283	0.002608	0.007378	0.015358	0.023159	0.030897	0.033819	0.042711	0.050294	0.057587	0.064985	0.072444	0.079778	0.088137	0.095227	0.102761	0.111257
4068.44	0	-0.000414	0.000698	0.003846	0.008226	0.012718	0.017394	0.017710	0.022889	0.027202	0.031518	0.035755	0.040091	0.044528	0.049371	0.053702	0.058179	0.063263
4076.16	0	-0.000266	0.001825	0.005642	0.011044	0.016392	0.021817	0.022836	0.029270	0.034713	0.040162	0.045610	0.051071	0.056860	0.063006	0.068540	0.074490	0.080875
4083.88	0	0.000435	0.008254	0.017691	0.033306	0.047272	0.060857	0.067828	0.082704	0.095383	0.107500	0.119732	0.132071	0.144291	0.157723	0.169267	0.181875	0.195537
4091.60	0	-0.000164	0.002977	0.007835	0.014975	0.021336	0.027700	0.029203	0.036405	0.042083	0.047882	0.053634	0.059526	0.065499	0.072083	0.077775	0.083859	0.090578
4099.32	0	-0.000518	-0.000484	0.001253	0.003359	0.005622	0.008016	0.006688	0.009771	0.012220	0.014762	0.017348	0.020022	0.022988	0.026149	0.028993	0.032036	0.035416
4107.04	0	0.000129	0.005346	0.012557	0.023712	0.033541	0.043213	0.047079	0.057619	0.065917	0.074397	0.082238	0.090489	0.098650	0.107203	0.114677	0.122721	0.131200
4114.76	0	-0.000252	0.001492	0.005015	0.009708	0.013939	0.018256	0.018050	0.023391	0.026964	0.031313	0.035143	0.039223	0.043657	0.048133	0.052125	0.056284	0.060939
4122.48	0	-0.000657	-0.002600	-0.002418	-0.002953	-0.003054	-0.002649	-0.005691	-0.004461	-0.004085	-0.002897	-0.002068	-0.000736	0.000859	0.002367	0.003972	0.005592	0.007485
4130.20	0	-0.000139	0.001476	0.005090	0.010167	0.014926	0.019743	0.020065	0.025707	0.029915	0.034529	0.038703	0.043293	0.048081	0.052790	0.057185	0.061838	0.066630
4137.92	0	0.000080	0.004682	0.011230	0.022043	0.032228	0.042040	0.046251	0.057257	0.066206	0.074835	0.083558	0.092074	0.100878	0.109980	0.117729	0.126222	0.135177
4145.64	0	-0.000342	0.001286	0.004699	0.009773	0.014888	0.019907	0.020546	0.026435	0.031346	0.036147	0.040893	0.045743	0.051252	0.056508	0.061201	0.066246	0.071792
4153.36	0	-0.000415	0.000388	0.002705	0.005729	0.008931	0.012114	0.011410	0.015453	0.018862	0.022235	0.025654	0.029161	0.033167	0.037098	0.040689	0.044587	0.048748
4161.08	0	-0.000374	0.001408	0.004950	0.010165	0.015328	0.020357	0.020929	0.026591	0.031256	0.035760	0.040373	0.044942	0.049820	0.054647	0.058928	0.063536	0.068615
4168.80	0	-0.000512	-0.000967	0.000147	0.000786	0.001718	0.002699	0.000286	0.001630	0.002669	0.003947	0.005148	0.006384	0.008459	0.009922	0.011577	0.013360	0.015141
4176.52	0	-0.000297	-0.000263	0.001604	0.003711	0.005945	0.008151	0.006684	0.009646	0.011915	0.014316	0.016724	0.019119	0.022220	0.024860	0.027368	0.030163	0.033097
4184.24	0	-0.000452	0.000159	0.002664	0.005834	0.008931	0.011829	0.010848	0.014478	0.017293	0.020299	0.023169	0.026184	0.029793	0.032917	0.035915	0.039171	0.042668
4191.96	0	-0.000190	0.001057	0.004099	0.008246	0.012245	0.016354	0.016068	0.020875	0.024680	0.028651	0.032495	0.036434	0.040897	0.045114	0.048897	0.053228	0.057485
4199.68	0	-0.000297	0.000464	0.003584	0.007901	0.012090	0.016489	0.016353	0.021789	0.025861	0.030263	0.034457	0.038736	0.043711	0.048330	0.052471	0.057064	0.061866
4207.40	0	-0.000451	-0.000429	0.001462	0.003555	0.005662	0.007705	0.006167	0.009078	0.011086	0.013478	0.015673	0.017964	0.020980	0.023465	0.025973	0.028612	0.031403
4215.12	0	-0.000410	-0.000851	0.000840	0.002265	0.003810	0.005514	0.003612	0.005925	0.007402	0.009305	0.011010	0.012882	0.015314	0.017376	0.019383	0.021588	0.023840
4222.84	0	-0.000497	-0.000356	0.001600	0.003946	0.006306	0.008575	0.007143	0.010381	0.012672	0.015300	0.017818	0.020354	0.023625	0.026469	0.029062	0.032005	0.034881
4230.56	0	-0.000481	-0.000911	0.000488	0.001583	0.002684	0.003861	0.001513	0.003279	0.004501	0.005954	0.007184	0.008764	0.010867	0.012499	0.014148	0.015939	0.017758
4238.28	0	-0.000450	-0.001565	-0.000296	0.000403	0.000922	0.001988	-0.000727	0.001071	0.001570	0.002982	0.003784	0.005137	0.006940	0.008198	0.009601	0.011023	0.012526