 594.44	-0.010435
 602.16	-0.020239
 609.88	-0.009599
 617.60	-0.034241
 625.32	-0.005383
 633.04	-0.021496
 640.76	0.025507
 648.48	-0.036763
 656.20	-0.022528
 663.92	-0.013878
 671.64	0.007927
 679.36	-0.047242
 687.08	0.03109
 694.80	-0.022547
 702.52	0.009576
 710.24	-0.027752
 717.96	-0.04167
 725.68	-0.001903
 733.40	-0.014514
 741.12	-0.007659
 748.84	-0.006862
 756.56	-0.002202
 764.28	-0.007848
 772.00	-0.000673
 779.72	-0.009203
 787.44	-0.003927
 795.16	-0.000721
 802.88	-0.003348
 810.60	0.00161
 818.32	0.000067
 826.04	-0.000939
 833.76	0.002137
 841.48	-0.002651
 849.20	0.003146
 856.92	-0.000234
 864.64	0.000108
 872.36	0.001797
 880.08	-0.002267
 887.80	0.001768
 895.52	0.000157
 903.24	-0.00153
 910.96	0.003597
 918.68	-0.001625
 926.40	0.017327
 934.12	0.015006
 941.84 0.000003
 949.56	0.001006
 957.28	0.004658
 965.00	0.024743
 972.72	0.006181
 980.44	-0.004914
 988.16	0.002677
 995.88	-0.000368
1003.60	-0.000246
1011.32	0.002684
1019.04	-0.001099
1026.76	0.001385
1034.48	0.003767
1042.20	0.000573
1049.92	0.004911
1057.64	0.001014
1065.36	0.002206
1073.08	0.003047
1080.80	0.00338
1088.52	0.003553
1096.24	0.001417
1103.96	0.003121
1111.68	0.000337
1119.40	0.004274
1127.12	0.001293
1134.84	0.000366
1142.56	0.002633
1150.28	-0.001384
1158.00	0.002737
1165.72	-0.000347
1173.44	-0.000085
1181.16	0.000576
1188.88	-0.001382
1196.60	0.000571
1204.32	-0.00124
1212.04	-0.000486
1219.76	-0.000837
1227.48	-0.001107
1235.20	-0.000718
1242.92	-0.00123
1250.64	-0.000993
1258.36	-0.001252
1266.08	-0.001164
1273.80	-0.001258
1281.52	-0.001313
1289.24	-0.001282
1296.96	-0.001276
1304.68	-0.001306
1312.40	-0.00128
1320.12	-0.001321
1327.84	-0.001368
1335.56	-0.001186
1343.28	-0.001153
1351.00	-0.001177
1358.72	-0.001142
1366.44	-0.001246
1374.16	-0.001257
1381.88	-0.001264
1389.60	-0.00125
1397.32	-0.001253
1405.04	-0.001192
1412.76	-0.001033
1420.48	-0.001069
1428.20	-0.001192
1435.92	-0.001001
1443.64	-0.001066
1451.36	-0.000843
1459.08	-0.000985
1466.80	-0.0007
1474.52	-0.000655
1482.24	-0.000444
1489.96	-0.000377
1497.68	-0.000328
1505.40	-0.000462
1513.12	-0.000193
1520.84	-0.000328
1528.56	-0.000106
1536.28	-0.000355
1544.00	-0.000636
1551.72	-0.000505
1559.44	-0.000835
1567.16	-0.000748
1574.88	-0.000903
1582.60	-0.000625
1590.32	-0.000637
1598.04	-0.000607
1605.76	-0.000219
1613.48	-0.000026
1621.20	0.001698
1628.92	0.002738
1636.64	-0.000361
1644.36	-0.000868
1652.08	-0.001172
1659.80	-0.001243
1667.52	-0.001061
1675.24	-0.001187
1682.96	-0.001229
1690.68	-0.000887
1698.40	-0.000998
1706.12	-0.001258
1713.84	-0.000701
1721.56	-0.000903
1729.28	-0.000974
1737.00	-0.000707
1744.72	-0.000748
1752.44	-0.001035
1760.16	-0.000734
1767.88	-0.000967
1775.60	-0.001103
1783.32	-0.00089
1791.04	-0.001119
1798.76	-0.001192
1806.48	-0.001142
1814.20	-0.001239
1821.92	-0.001233
1829.64	-0.001359
1837.36	-0.001365
1845.08	-0.00137
1852.80	-0.001405
1860.52	-0.001403
1868.24	-0.001438
1875.96	-0.001455
1883.68	-0.001468
1891.40	-0.001488
1899.12	-0.00146
1906.84	-0.001478
1914.56	-0.001466
1922.28	-0.001478
1930.00	-0.001516
1937.72	-0.001523
1945.44	-0.001458
1953.16	-0.001511
1960.88	-0.001526
1968.60	-0.001512
1976.32	-0.001514
1984.04	-0.00145
1991.76	-0.00142
1999.48	-0.001341
2007.20	-0.001214
2014.92	-0.001
2022.64	-0.000629
2030.36	-0.000144
2038.08	0.000725
2045.80	0.001819
2053.52	0.003308
2061.24	0.005146
2068.96	0.007337
2076.68	0.009757
2084.40	0.012197
2092.12	0.014469
2099.84	0.016475
2107.56	0.017691
2115.28	0.018411
2123.00	0.01665
2130.72	0.014066
2138.44	0.006142
2146.16	0.001552
2153.88	0.010797
2161.60	0.017992
2169.32	0.021717
2177.04	0.023928
2184.76	0.023488
2192.48	0.021854
2200.20	0.018383
2207.92	0.014245
2215.64	0.009764
2223.36	0.005686
2231.08	0.002557
2238.80	0.000489
2246.52	-0.000714
2254.24	-0.001259
2261.96	-0.00149
2269.68	-0.001546
2277.40	-0.001597
2285.12	-0.001604
2292.84	-0.001617
2300.56	-0.001625
2308.28	-0.001622
2316.00	-0.001612
2323.72	-0.001671
2331.44	-0.001689
2339.16	-0.001679
2346.88	-0.00165
2354.60	-0.001668
2362.32	-0.001701
2370.04	-0.001683
2377.76	-0.001641
2385.48	-0.001644
2393.20	-0.001636
2400.92	-0.001591
2408.64	-0.001665
2416.36	-0.001674
2424.08	-0.001609
2431.80	-0.001673
2439.52	-0.001641
2447.24	-0.001645
2454.96	-0.001644
2462.68	-0.001632
2470.40	-0.001675
2478.12	-0.001646
2485.84	-0.001685
2493.56	-0.001712
2501.28	-0.001692
2509.00	-0.001731
2516.72	-0.00169
2524.44	-0.001669
2532.16	-0.001663
2539.88	-0.001697
2547.60	-0.001706
2555.32	-0.001691
2563.04	-0.001742
2570.76	-0.001731
2578.48	-0.001711
2586.20	-0.001726
2593.92	-0.00173
2601.64	-0.00176
2609.36	-0.001758
2617.08	-0.001726
2624.80	-0.001751
2632.52	-0.001729
2640.24	-0.001757
2647.96	-0.001762
2655.68	-0.001766
2663.40	-0.001765
2671.12	-0.001756
2678.84	-0.00177
2686.56	-0.001746
2694.28	-0.00179
2702.00	-0.001826
2709.72	-0.001854
2717.44	-0.001824
2725.16	-0.001838
2732.88	-0.001852
2740.60	-0.001804
2748.32	-0.001815
2756.04	-0.001848
2763.76	-0.001881
2771.48	-0.001864
2779.20	-0.00182
2786.92	-0.001869
2794.64	-0.001881
2802.36	-0.001895
2810.08	-0.001929
2817.80	-0.001897
2825.52	-0.001867
2833.24	-0.001906
2840.96	-0.001922
2848.68	-0.00191
2856.40	-0.001917
2864.12	-0.001909
2871.84	-0.001921
2879.56	-0.001966
2887.28	-0.001966
2895.00	-0.001963
2902.72	-0.001982
2910.44	-0.002
2918.16	-0.001996
2925.88	-0.002006
2933.60	-0.002045
2941.32	-0.002042
2949.04	-0.002012
2956.76	-0.002028
2964.48	-0.002079
2972.20	-0.002121
2979.92	-0.002086
2987.64	-0.002079
2995.36	-0.002103
3003.08	-0.002102
3010.80	-0.002134
3018.52	-0.002149
3026.24	-0.002132
3033.96	-0.002127
3041.68	-0.002137
3049.40	-0.002171
3057.12	-0.002158
3064.84	-0.002157
3072.56	-0.002165
3080.28	-0.002164
3088.00	-0.002184
3095.72	-0.00217
3103.44	-0.002169
3111.16	-0.002196
3118.88	-0.002212
3126.60	-0.002225
3134.32	-0.002206
3142.04	-0.002164
3149.76	-0.002238
3157.48	-0.00221
3165.20	-0.002255
3172.92	-0.002143
3180.64	-0.002149
3188.36	-0.002298
3196.08	-0.002127
3203.80	-0.002278
3211.52	-0.002245
3219.24	-0.002094
3226.96	-0.002342
3234.68	-0.002091
3242.40	-0.002174
3250.12	-0.002337
3257.84	-0.002133
3265.56	-0.002348
3273.28	-0.002262
3281.00	-0.002113
3288.72	-0.002311
3296.44	-0.002094
3304.16	-0.00228
3311.88	-0.002202
3319.60	-0.002276
3327.32	-0.00174
3335.04	-0.000085
3342.76	-0.001704
3350.48	-0.002512
3358.20	-0.002104
3365.92	-0.00239
3373.64	-0.002134
3381.36	-0.002228
3389.08	-0.002287
3396.80	-0.002124
3404.52	-0.002382
3412.24	-0.002125
3419.96	-0.002219
3427.68	-0.002507
3435.40	-0.001931
3443.12	-0.002562
3450.84	-0.002223
3458.56	-0.002277
3466.28	-0.002561
3474.00	-0.002109
3481.72	-0.00271
3489.44	-0.002382
3497.16	-0.002394
3504.88	-0.002672
3512.60	-0.002379
3520.32	-0.00262
3528.04	-0.002568
3535.76	-0.002543
3543.48	-0.002562
3551.20	-0.002657
3558.92	-0.002723
3566.64	-0.002603
3574.36	-0.002749
3582.08	-0.002822
3589.80	-0.002767
3597.52	-0.002784
3605.24	-0.002821
3612.96	-0.002863
3620.68	-0.002874
3628.40	-0.002932
3636.12	-0.002891
3643.84	-0.002822
3651.56	-0.003065
3659.28	-0.002938
3667.00	-0.002847
3674.72	-0.003125
3682.44	-0.003008
3690.16	-0.003048
3697.88	-0.002918
3705.60	-0.002886
3713.32	-0.003117
3721.04	-0.002936
3728.76	-0.002929
3736.48	-0.003031
3744.20	-0.003135
3751.92	-0.003313
3759.64	-0.003039
3767.36	-0.003081
3775.08	-0.003174
3782.80	-0.003094
3790.52	-0.003062
3798.24	-0.003181
3805.96	-0.00334
3813.68	-0.003249
3821.40	-0.003392
3829.12	-0.003229
3836.84	-0.00335
3844.56	-0.003269
3852.28	-0.003327
3860.00	-0.003431
3867.72	-0.003222
3875.44	-0.003325
3883.16	-0.003257
3890.88	-0.003364
3898.60	-0.003382
3906.32	-0.003342
3914.04	-0.003346
3921.76	-0.00329
3929.48	-0.003312
3937.20	-0.003348
3944.92	-0.003187
3952.64	-0.003304
3960.36	-0.003441
3968.08	-0.003395
3975.80	-0.00342
3983.52	-0.003476
3991.24	-0.003467
3998.96	-0.003377
4006.68	-0.003564
4014.40	-0.003577
4022.12	-0.003572
4029.84	-0.003681
4037.56	-0.003584
4045.28	-0.003641
4053.00	-0.003615
4060.72	-0.00352
4068.44	-0.003642
4076.16	-0.003579
4083.88	-0.003672
4091.60	-0.003764
4099.32	-0.003645
4107.04	-0.003749
4114.76	-0.003753
4122.48	-0.003766
4130.20	-0.003814
4137.92	-0.003877
4145.64	-0.003858
4153.36	-0.003836
4161.08	-0.00381
4168.80	-0.00386
4176.52	-0.00392
4184.24	-0.003833
4191.96	-0.003868
4199.68	-0.003901
4207.40	-0.004005
4215.12	-0.003796
4222.84	-0.003722
4230.56	-0.003779
4238.28	-0.003854