H2O
Golfgetal [cm-1]	vol%
cm-1	0   0.1   1 2   4   6   8   10  12  14  16  18  20  22  24  26  28  30
594.44	0.00	-0.001085	0.037722	0.061699	0.106044	0.111417	0.144000	0.137667	0.147529	0.156152	0.171306	0.162613	0.177426	0.186733	0.168002	0.178855	0.189755	0.183135
602.16	0.00	0.014164	0.047901	0.071424	0.119309	0.119566	0.125045	0.159474	0.160280	0.165867	0.145417	0.183268	0.171097	0.175077	0.184052	0.181892	0.164945	0.194305
609.88	0.00	0.012467	0.044898	0.068727	0.090622	0.139599	0.132042	0.148300	0.149619	0.148506	0.159832	0.161298	0.157564	0.155829	0.156684	0.161334	0.160704	0.186472
617.60	0.00	0.009135	0.039513	0.061615	0.091376	0.098303	0.109689	0.099739	0.114228	0.111536	0.127598	0.120532	0.117645	0.141613	0.135209	0.129280	0.141377	0.130203
625.32	0.00	-0.008420	0.027507	0.059812	0.089241	0.099744	0.102683	0.128491	0.121434	0.140353	0.134184	0.153515	0.151160	0.144031	0.134244	0.139389	0.142362	0.143480
633.04	0.00	0.004196	0.048194	0.079556	0.111307	0.118226	0.130097	0.132086	0.149849	0.135441	0.145345	0.147455	0.141053	0.151072	0.157925	0.163085	0.159428	0.154980
640.76	0.00	-0.008747	0.036842	0.067747	0.107308	0.135780	0.138306	0.163135	0.165688	0.179308	0.170559	0.196396	0.201801	0.181472	0.168883	0.182757	0.180970	0.198953
648.48	0.00	0.011063	0.053916	0.102902	0.136419	0.176422	0.171647	0.184623	0.181179	0.204807	0.205442	0.217186	0.222422	0.218674	0.208201	0.210318	0.222666	0.220514
656.20	0.00	-0.004403	0.054427	0.082917	0.133398	0.122871	0.153138	0.150171	0.181424	0.181228	0.195910	0.184227	0.191294	0.197615	0.196340	0.197682	0.188354	0.188520
663.92	0.00	0.011211	0.054492	0.088876	0.124266	0.153170	0.138644	0.161690	0.153692	0.165186	0.161305	0.186250	0.173472	0.172387	0.172674	0.181780	0.179292	0.186057
671.64	0.00	0.001933	0.059561	0.086667	0.121932	0.164652	0.147432	0.157033	0.154758	0.171570	0.176546	0.186365	0.189179	0.174537	0.174399	0.176188	0.187785	0.193565
679.36	0.00	0.001944	0.048409	0.064945	0.102455	0.096004	0.116941	0.121799	0.136772	0.133903	0.139976	0.145101	0.148543	0.148858	0.146059	0.151975	0.144301	0.147195
687.08	0.00	0.003608	0.050089	0.095397	0.141661	0.160265	0.151956	0.177150	0.178974	0.183350	0.186312	0.207472	0.203461	0.186835	0.197605	0.191449	0.199826	0.210833
694.80	0.00	0.007154	0.042291	0.080356	0.117179	0.128555	0.122307	0.148592	0.158420	0.155297	0.165379	0.170699	0.175045	0.160416	0.164036	0.173141	0.170312	0.176517
702.52	0.00	0.009077	0.064352	0.122982	0.171895	0.200265	0.202639	0.222616	0.227042	0.233737	0.239308	0.254535	0.251361	0.235001	0.239189	0.247792	0.248079	0.255021
710.24	0.00	0.010436	0.063483	0.103527	0.146425	0.171059	0.186566	0.191493	0.197955	0.205809	0.220613	0.220511	0.225350	0.218159	0.214850	0.216664	0.226549	0.226048
717.96	0.00	0.009647	0.064888	0.099743	0.144499	0.135924	0.161951	0.175702	0.182091	0.188797	0.187173	0.191472	0.185961	0.196301	0.195085	0.192121	0.185456	0.187052
725.68	0.00	0.012985	0.050579	0.098588	0.141628	0.174743	0.168992	0.186004	0.184059	0.189180	0.192643	0.206500	0.197640	0.183004	0.189321	0.196483	0.202390	0.204392
733.40	0.00	0.017848	0.063801	0.100314	0.146730	0.169611	0.171920	0.171640	0.179203	0.176021	0.184701	0.186755	0.183811	0.181355	0.182005	0.185921	0.188146	0.193244
741.12	0.00	-0.000652	0.051940	0.085856	0.124598	0.135923	0.157318	0.169869	0.172553	0.183581	0.186141	0.187541	0.188330	0.190156	0.181434	0.194985	0.188063	0.194991
748.84	0.00	0.010083	0.055834	0.089033	0.132478	0.143924	0.153359	0.160079	0.172326	0.165537	0.175127	0.179406	0.181503	0.179912	0.186776	0.191644	0.189864	0.196178
756.56	0.00	0.001673	0.042110	0.071212	0.103292	0.122493	0.128880	0.138145	0.141969	0.150429	0.155997	0.163285	0.168043	0.164665	0.173524	0.176650	0.179175	0.192899
764.28	0.00	0.008298	0.039177	0.060541	0.074789	0.086770	0.087584	0.095910	0.091536	0.092064	0.095615	0.090572	0.094492	0.099249	0.096250	0.103263	0.113337	0.108904
772.00	0.00	0.007717	0.025891	0.036621	0.056754	0.066043	0.072908	0.075575	0.083561	0.091232	0.096343	0.093845	0.106337	0.107819	0.114461	0.121596	0.128597	0.137838
779.72	0.00	0.005868	0.020011	0.029716	0.050540	0.058035	0.062389	0.067701	0.073653	0.078894	0.091613	0.088351	0.096123	0.098001	0.108595	0.113581	0.119108	0.135041
787.44	0.00	0.004512	0.008937	0.013233	0.021355	0.024913	0.026700	0.027215	0.029057	0.031761	0.037576	0.034736	0.040494	0.041517	0.046245	0.049693	0.056079	0.061242
795.16	0.00	0.001012	0.014794	0.023952	0.039665	0.053286	0.064228	0.072471	0.082839	0.090596	0.098710	0.107657	0.116970	0.125238	0.134905	0.144921	0.153550	0.162060
802.88	0.00	0.000819	0.013832	0.024413	0.040750	0.056225	0.068178	0.080110	0.091449	0.101717	0.113629	0.123280	0.134627	0.144428	0.156566	0.168567	0.179195	0.191821
810.60	0.00	0.001061	0.005334	0.009526	0.017140	0.021869	0.027339	0.033752	0.038949	0.045013	0.050323	0.054867	0.060744	0.066831	0.073210	0.080679	0.087397	0.095835
818.32	0.00	-0.000353	0.002399	0.003591	0.008286	0.011175	0.014135	0.016293	0.018813	0.021793	0.024728	0.027489	0.030105	0.034039	0.037655	0.041524	0.045144	0.050136
826.04	0.00	0.000228	0.000028	0.000690	0.001314	0.003255	0.003515	0.004187	0.005549	0.006958	0.008413	0.009500	0.011958	0.013523	0.016675	0.018934	0.021766	0.025391
833.76	0.00	-0.000159	0.001617	0.003374	0.007668	0.010536	0.014308	0.018023	0.021247	0.024221	0.027910	0.031434	0.035443	0.039341	0.043903	0.048071	0.052409	0.057306
841.48	0.00	-0.000253	-0.000143	-0.000319	0.000852	0.001941	0.002905	0.004270	0.005271	0.007296	0.009285	0.010944	0.013182	0.015733	0.018603	0.021445	0.024252	0.028103
849.20	0.00	-0.000254	0.003033	0.006446	0.013235	0.019525	0.024985	0.030993	0.035967	0.041431	0.046371	0.051427	0.056886	0.062412	0.068095	0.074040	0.079885	0.086393
856.92	0.00	-0.000110	0.004244	0.008649	0.017244	0.024586	0.031967	0.038839	0.044930	0.051496	0.057388	0.064078	0.070528	0.077418	0.083721	0.091101	0.098299	0.106334
864.64	0.00	-0.000367	-0.000634	0.000242	0.002089	0.004119	0.006230	0.008427	0.010587	0.013074	0.014879	0.017648	0.020627	0.023952	0.026748	0.030384	0.033872	0.038561
872.36	0.00	-0.000346	-0.000772	-0.000177	0.000796	0.002094	0.003309	0.004588	0.006149	0.007317	0.008419	0.010414	0.012671	0.014716	0.016794	0.019156	0.021949	0.024993
880.08	0.00	-0.000571	-0.000628	-0.000434	0.000986	0.002228	0.003652	0.004857	0.006293	0.008014	0.009865	0.011488	0.013608	0.015974	0.018290	0.020910	0.023696	0.026861
887.80	0.00	-0.000654	0.000033	0.001016	0.004195	0.007061	0.009647	0.012645	0.015320	0.018416	0.021783	0.024668	0.028099	0.031705	0.035472	0.039575	0.043588	0.048027
895.52	0.00	-0.000758	-0.001411	-0.001913	-0.002057	-0.002081	-0.002013	-0.001837	-0.001543	-0.001075	-0.000382	0.000243	0.001357	0.002512	0.003676	0.005086	0.006640	0.008719
903.24	0.00	-0.000571	-0.000168	0.000755	0.003181	0.005354	0.007456	0.009662	0.011689	0.013967	0.016302	0.018543	0.021147	0.023964	0.026780	0.029781	0.032861	0.036535
910.96	0.00	-0.000543	0.000812	0.002705	0.007343	0.011441	0.015416	0.019584	0.023177	0.027320	0.031300	0.035169	0.039692	0.044061	0.048696	0.053653	0.058650	0.064011
918.68	0.00	-0.000726	-0.000471	-0.000098	0.001751	0.003392	0.004993	0.006844	0.008718	0.010590	0.012790	0.014738	0.017214	0.019591	0.022284	0.025097	0.028000	0.031394
926.40	0.00	-0.000826	-0.000715	-0.000273	0.001439	0.003051	0.004447	0.006188	0.007859	0.009492	0.011575	0.013454	0.015679	0.017869	0.020192	0.022681	0.025412	0.028499
934.12	0.00	-0.000869	-0.001310	-0.001604	-0.001257	-0.001078	-0.000724	-0.000342	0.000106	0.000709	0.001551	0.002187	0.003332	0.004427	0.005580	0.007088	0.008771	0.010625
941.84	0.00	-0.000837	-0.001220	-0.001171	-0.000267	0.000539	0.001473	0.002221	0.003319	0.004365	0.005670	0.006619	0.008230	0.009726	0.011350	0.013292	0.015289	0.017478
949.56	0.00	-0.000670	-0.000722	-0.000397	0.000847	0.001923	0.003213	0.004552	0.005865	0.007194	0.008848	0.010292	0.012361	0.014218	0.016149	0.018351	0.020675	0.023249
957.28	0.00	-0.000721	-0.000527	0.000120	0.002000	0.003646	0.005345	0.007143	0.008899	0.010719	0.012913	0.014682	0.017036	0.019227	0.021676	0.024261	0.026937	0.029963
965.00	0.00	-0.000854	-0.001080	-0.000838	0.000421	0.001504	0.002727	0.003944	0.005169	0.006583	0.008054	0.009388	0.011221	0.012975	0.014778	0.016925	0.019070	0.021559
972.72	0.00	-0.000731	-0.000785	-0.000500	0.001023	0.002330	0.003602	0.005138	0.006487	0.008017	0.009652	0.011357	0.013268	0.015240	0.017215	0.019470	0.021774	0.024527
980.44	0.00	-0.000826	-0.001335	-0.001406	-0.000860	-0.000211	0.000327	0.000879	0.001550	0.002388	0.003359	0.004147	0.005365	0.006635	0.007830	0.009184	0.010790	0.012643
988.16	0.00	-0.000989	-0.001633	-0.002003	-0.001977	-0.001852	-0.001731	-0.001564	-0.001346	-0.001000	-0.000481	-0.000181	0.000615	0.001331	0.002050	0.002997	0.004159	0.005422
995.88	0.00	-0.000861	-0.001144	-0.001197	-0.000323	0.000177	0.000858	0.001668	0.002365	0.003242	0.004354	0.005180	0.006508	0.007669	0.009044	0.010561	0.012135	0.013961
1003.60	0.00	-0.001131	-0.001673	-0.001877	-0.001473	-0.001244	-0.000836	-0.000443	0.000005	0.000620	0.001309	0.001915	0.002908	0.003861	0.004880	0.006072	0.007356	0.008852
1011.32	0.00	-0.000924	-0.000184	0.000813	0.003674	0.006328	0.008741	0.011339	0.013720	0.016382	0.018993	0.021581	0.024485	0.027391	0.030332	0.033502	0.036802	0.040488
1019.04	0.00	-0.001074	-0.000855	-0.000234	0.001767	0.003559	0.005273	0.007147	0.008836	0.010731	0.012760	0.014572	0.016830	0.019029	0.021142	0.023584	0.026105	0.028911
1026.76	0.00	-0.001221	-0.001598	-0.001837	-0.001463	-0.001177	-0.000905	-0.000438	-0.000056	0.000562	0.001300	0.001942	0.002803	0.003678	0.004633	0.005829	0.007066	0.008491
1034.48	0.00	-0.000953	-0.000822	-0.000535	0.000969	0.002254	0.003517	0.004980	0.006303	0.007745	0.009315	0.010814	0.012580	0.014275	0.016139	0.018180	0.020253	0.022539
1042.20	0.00	-0.001096	-0.001371	-0.001353	-0.000520	0.000262	0.001010	0.001870	0.002721	0.003648	0.004666	0.005675	0.006956	0.008190	0.009518	0.011025	0.012580	0.014473
1049.92	0.00	-0.001114	-0.001350	-0.001475	-0.000916	-0.000435	-0.000041	0.000547	0.001006	0.001708	0.002428	0.003141	0.004102	0.005058	0.006030	0.007219	0.008433	0.010008
1057.64	0.00	-0.001151	-0.001313	-0.001137	-0.000013	0.001042	0.002070	0.003273	0.004314	0.005513	0.006975	0.008104	0.009721	0.011265	0.012814	0.014588	0.016462	0.018637
1065.36	0.00	-0.001007	-0.000066	0.001140	0.004326	0.007159	0.009709	0.012396	0.014802	0.017357	0.020010	0.022475	0.025227	0.027976	0.030807	0.033818	0.036894	0.040324
1073.08	0.00	-0.000964	-0.000450	0.000277	0.002463	0.004348	0.006137	0.007975	0.009689	0.011615	0.013526	0.015310	0.017500	0.019635	0.021673	0.024093	0.026496	0.029201
1080.80	0.00	-0.001213	-0.001857	-0.002040	-0.001697	-0.001327	-0.000932	-0.000446	0.000025	0.000627	0.001397	0.001946	0.002954	0.003826	0.004765	0.005877	0.007122	0.008616
1088.52	0.00	-0.000987	-0.000771	-0.000265	0.001174	0.002415	0.003594	0.004744	0.005839	0.006958	0.008298	0.009432	0.010885	0.012231	0.013737	0.015374	0.017055	0.019058
1096.24	0.00	-0.001131	-0.000605	0.000260	0.002748	0.005032	0.007206	0.009379	0.011353	0.013550	0.015803	0.017884	0.020260	0.022565	0.024960	0.027540	0.030133	0.033138
1103.96	0.00	-0.000962	0.000173	0.001635	0.005091	0.008197	0.011043	0.013992	0.016670	0.019481	0.022381	0.025114	0.028138	0.031127	0.034202	0.037471	0.040799	0.044537
1111.68	0.00	-0.000971	0.000136	0.001581	0.004837	0.007724	0.010367	0.013103	0.015501	0.018145	0.020777	0.023299	0.026074	0.028891	0.031730	0.034789	0.037874	0.041342
1119.40	0.00	-0.001190	-0.000905	-0.000083	0.002324	0.004575	0.006705	0.008973	0.010988	0.013276	0.015560	0.017724	0.020223	0.022586	0.025096	0.027744	0.030459	0.033563
1127.12	0.00	-0.001131	-0.001226	-0.001119	-0.000265	0.000564	0.001344	0.002137	0.002979	0.003899	0.004930	0.005881	0.007188	0.008331	0.009579	0.011086	0.012612	0.014397
1134.84	0.00	-0.000787	0.001736	0.004537	0.010289	0.015221	0.019571	0.023975	0.027809	0.031844	0.035868	0.039689	0.043716	0.047730	0.051772	0.056094	0.060349	0.064954
1142.56	0.00	-0.001023	0.000177	0.001803	0.005534	0.008859	0.011963	0.015167	0.018085	0.021194	0.024387	0.027377	0.030675	0.033944	0.037267	0.040865	0.044492	0.048541
1150.28	0.00	-0.000938	0.000357	0.001932	0.005647	0.009048	0.012234	0.015494	0.018488	0.021647	0.024911	0.027964	0.031302	0.034616	0.038049	0.041718	0.045368	0.049392
1158.00	0.00	-0.001243	-0.000840	-0.000092	0.002174	0.004315	0.006293	0.008401	0.010317	0.012357	0.014536	0.016560	0.018878	0.021158	0.023538	0.026086	0.028639	0.031601
1165.72	0.00	-0.001190	-0.001522	-0.001618	-0.000991	-0.000332	0.000383	0.001232	0.002163	0.003203	0.004392	0.005521	0.007022	0.008508	0.010048	0.011829	0.013724	0.015926
1173.44	0.00	-0.000526	0.005080	0.010769	0.021510	0.030440	0.038254	0.046055	0.052858	0.059834	0.066586	0.073047	0.079690	0.086175	0.092695	0.099483	0.106106	0.113097
1181.16	0.00	-0.000820	0.002157	0.005238	0.011418	0.016720	0.021444	0.026272	0.030560	0.035050	0.039465	0.043820	0.048418	0.052914	0.057586	0.062576	0.067439	0.072884
1188.88	0.00	-0.000622	0.003531	0.007621	0.015241	0.021441	0.026877	0.032264	0.036935	0.041778	0.046554	0.051203	0.056002	0.060740	0.065665	0.070785	0.075875	0.081468
1196.60	0.00	-0.001209	0.000066	0.001952	0.006493	0.010796	0.014817	0.019088	0.022951	0.027100	0.031276	0.035369	0.039739	0.044076	0.048584	0.053397	0.058208	0.063451
1204.32	0.00	-0.000839	0.001417	0.003770	0.008847	0.013281	0.017305	0.021425	0.025182	0.029048	0.033004	0.036823	0.040901	0.044955	0.049176	0.053658	0.058156	0.063076
1212.04	0.00	-0.000514	0.004828	0.009909	0.019305	0.027226	0.034449	0.041929	0.048573	0.055554	0.062490	0.069243	0.076233	0.083188	0.090272	0.097654	0.104919	0.112714
1219.76	0.00	-0.000201	0.008514	0.017291	0.033771	0.047801	0.060254	0.072800	0.083821	0.095241	0.106386	0.117311	0.128363	0.139486	0.150868	0.162725	0.174348	0.186794
1227.48	0.00	0.000008	0.009109	0.018058	0.034054	0.046603	0.057065	0.066994	0.075290	0.083590	0.091485	0.098937	0.106377	0.113692	0.121122	0.128806	0.136251	0.144312
1235.20	0.00	-0.001288	0.000320	0.002320	0.006779	0.010878	0.014765	0.018968	0.022799	0.026994	0.031218	0.035436	0.039997	0.044612	0.049414	0.054601	0.059822	0.065575
1242.92	0.00	0.000335	0.011692	0.022852	0.043253	0.060487	0.075888	0.091371	0.105134	0.119278	0.133222	0.146902	0.160645	0.174398	0.188633	0.203252	0.217585	0.232925
1250.64	0.00	-0.000596	0.005605	0.011809	0.023517	0.033373	0.042172	0.050921	0.058545	0.066310	0.073921	0.081242	0.088654	0.095936	0.103438	0.111206	0.118809	0.127006
1258.36	0.00	-0.000440	0.006834	0.013889	0.026819	0.038065	0.048677	0.059991	0.070450	0.081723	0.093115	0.104730	0.116676	0.128970	0.141850	0.155292	0.168748	0.183143
1266.08	0.00	0.005657	0.051946	0.091215	0.157521	0.212447	0.261966	0.312242	0.357156	0.404183	0.450810	0.497793	0.545050	0.593938	0.645711	0.700066	0.755169	0.815787
1273.80	0.00	0.002972	0.033690	0.059364	0.101431	0.135160	0.164576	0.193387	0.218011	0.242844	0.266324	0.288617	0.310147	0.331056	0.351912	0.372629	0.392286	0.412775
1281.52	0.00	0.000885	0.013515	0.023285	0.039548	0.053075	0.065341	0.078068	0.089611	0.101966	0.114394	0.127033	0.140081	0.153536	0.167767	0.182778	0.197929	0.214481
1289.24	0.00	0.007203	0.055158	0.090376	0.148710	0.196949	0.240149	0.283634	0.322013	0.361665	0.400506	0.439198	0.477509	0.516515	0.556898	0.598630	0.639847	0.683737
1296.96	0.00	0.003754	0.031319	0.050754	0.080990	0.104208	0.124047	0.143385	0.160032	0.176975	0.193382	0.209222	0.225025	0.240780	0.257055	0.273847	0.290306	0.308149
1304.68	0.00	-0.001741	0.000879	0.004889	0.013998	0.023613	0.033749	0.045290	0.056503	0.068979	0.081942	0.095323	0.109256	0.123766	0.139076	0.155191	0.171379	0.188862
1312.40	0.00	0.014151	0.087185	0.137762	0.220495	0.287680	0.346542	0.404320	0.454179	0.504782	0.553414	0.601597	0.649069	0.697562	0.748203	0.800599	0.853848	0.911400
1320.12	0.00	0.024683	0.138131	0.219746	0.357770	0.473712	0.578758	0.684694	0.778023	0.873636	0.966166	1.055878	1.142858	1.227955	1.314048	1.399935	1.479491	1.562097
1327.84	0.00	-0.006114	-0.002920	0.011150	0.043144	0.074485	0.105369	0.138810	0.170135	0.204064	0.238634	0.274082	0.310287	0.348058	0.387957	0.430108	0.472194	0.517954
1335.56	0.00	0.028206	0.111255	0.156613	0.220062	0.266304	0.305206	0.343112	0.376090	0.410127	0.443183	0.476498	0.509860	0.544108	0.579971	0.616935	0.654228	0.694236
1343.28	0.00	0.041709	0.160135	0.224762	0.317421	0.388148	0.450687	0.514398	0.571622	0.632504	0.693605	0.755612	0.818779	0.884124	0.953528	1.026606	1.099714	1.179502
1351.00	0.00	-0.005710	0.003012	0.023133	0.066204	0.107136	0.146894	0.189450	0.228945	0.271374	0.314296	0.358172	0.402566	0.448696	0.497278	0.548184	0.599294	0.654036
1358.72	0.00	0.030690	0.121285	0.179627	0.274621	0.353692	0.425685	0.499839	0.567258	0.638788	0.710612	0.783926	0.857533	0.933808	1.013963	1.096661	1.178834	1.265832
1366.44	0.00	0.032067	0.128377	0.190403	0.291521	0.376102	0.453788	0.534527	0.608416	0.687760	0.768309	0.851469	0.936131	1.025330	1.120870	1.222274	1.324853	1.437390
1374.16	0.00	0.026069	0.139038	0.222597	0.365173	0.484940	0.593775	0.704271	0.803053	0.905839	1.006499	1.106923	1.204796	1.302686	1.402693	1.499685	1.592785	1.685045
1381.88	0.00	0.023082	0.108812	0.172644	0.285371	0.384758	0.478972	0.578926	0.671685	0.772251	0.874998	0.981339	1.090493	1.205451	1.329843	1.460733	1.591849	1.734525
1389.60	0.00	0.026962	0.123779	0.192340	0.306684	0.405505	0.499596	0.600078	0.693656	0.794837	0.897033	1.001931	1.107198	1.215872	1.328397	1.443817	1.555325	1.671170
1397.32	0.00	0.065086	0.261352	0.400939	0.644693	0.857222	1.059536	1.278501	1.490576	1.729247	1.947395	2.058190	2.035761	1.993985	1.979426	1.986076	2.004948	2.034549
1405.04	0.00	0.019260	0.104371	0.172154	0.293040	0.398444	0.496834	0.599672	0.693968	0.795418	0.898179	1.003796	1.111314	1.223402	1.343013	1.467766	1.591810	1.723238
1412.76	0.00	0.023415	0.117806	0.186787	0.302359	0.400451	0.492205	0.589315	0.679652	0.777860	0.877864	0.981656	1.087233	1.197779	1.315165	1.437444	1.558688	1.686762
1420.48	0.00	0.071450	0.253967	0.368512	0.555699	0.706083	0.837872	0.969053	1.085233	1.207144	1.327112	1.447872	1.566186	1.681889	1.799744	1.908384	2.001722	2.078819
1428.20	0.00	0.022314	0.136196	0.226081	0.397298	0.559085	0.719696	0.895839	1.064210	1.251616	1.447515	1.652048	1.852332	2.014201	2.120175	2.166900	2.181998	2.196070
1435.92	0.00	0.061467	0.220761	0.329086	0.512290	0.673097	0.825989	0.986659	1.132739	1.285920	1.436310	1.581831	1.719601	1.841748	1.952616	2.045902	2.108585	2.158075
1443.64	0.00	0.013070	0.067027	0.119505	0.223055	0.319452	0.412732	0.512601	0.605534	0.706283	0.808797	0.914723	1.022304	1.135002	1.254812	1.379789	1.503602	1.637038
1451.36	0.00	0.044359	0.185847	0.280782	0.438838	0.576256	0.706980	0.845156	0.972293	1.107888	1.242594	1.378196	1.511110	1.643176	1.774318	1.894708	1.997722	2.084451
1459.08	0.00	0.095943	0.356348	0.528663	0.804716	1.051706	1.309169	1.613406	1.889308	2.010647	1.977520	1.955357	1.957487	1.972002	2.005566	2.048776	2.090563	2.129437
1466.80	0.00	0.032943	0.158759	0.254022	0.430030	0.593518	0.753605	0.924745	1.082733	1.250283	1.414151	1.575178	1.725129	1.858772	1.979754	2.075074	2.137527	2.188064
1474.52	0.00	0.076400	0.298130	0.443936	0.681728	0.883566	1.074482	1.277524	1.466537	1.671307	1.862604	2.015170	2.100044	2.118685	2.136417	2.155785	2.169096	2.190847
1482.24	0.00	0.030862	0.157209	0.253352	0.418531	0.556787	0.682995	0.813401	0.932880	1.062377	1.194392	1.330710	1.470926	1.616148	1.766927	1.914559	2.039330	2.140206
1489.96	0.00	0.065780	0.274640	0.396227	0.584754	0.742847	0.892818	1.053275	1.203826	1.367357	1.531387	1.694296	1.845693	1.972881	2.074375	2.142795	2.180474	2.211814
1497.68	0.00	0.054938	0.258304	0.412217	0.686401	0.934570	1.173654	1.425706	1.652549	1.871039	2.028661	2.110531	2.138973	2.139393	2.153927	2.173084	2.190279	2.207697
1505.40	0.00	0.111778	0.389841	0.557614	0.848864	1.106496	1.346683	1.583443	1.769889	1.920859	2.020873	2.085672	2.124609	2.138535	2.160281	2.181403	2.202991	2.219527
1513.12	0.00	0.142605	0.582577	0.856065	1.304352	1.662525	1.887028	1.972726	1.999138	2.028399	2.059465	2.091972	2.117978	2.125658	2.147476	2.172508	2.191889	2.210480
1520.84	0.00	0.122827	0.554772	0.870664	1.439537	1.862989	1.969226	1.992028	2.021421	2.053381	2.085254	2.115052	2.135531	2.138518	2.157763	2.178943	2.195738	2.212379
1528.56	0.00	0.080000	0.362486	0.563215	0.888447	1.142948	1.362546	1.573135	1.742059	1.885204	1.986406	2.055752	2.101322	2.121391	2.146349	2.170573	2.190053	2.209190
1536.28	0.00	0.093448	0.423074	0.664935	1.099923	1.494187	1.828549	1.984334	2.000178	2.009686	2.025380	2.053278	2.076124	2.090333	2.114211	2.141661	2.167663	2.188996
1544.00	0.00	0.128682	0.519788	0.736095	1.023131	1.240029	1.433546	1.616153	1.757666	1.875211	1.960910	2.026226	2.070009	2.096055	2.126751	2.155409	2.176671	2.198619
1551.72	0.00	0.066372	0.282587	0.440717	0.735309	1.014399	1.297136	1.606835	1.865852	2.023717	2.068625	2.085668	2.101915	2.107134	2.130922	2.159416	2.180316	2.199950
1559.44	0.00	0.127356	0.433599	0.627290	0.963705	1.249696	1.498907	1.722658	1.878917	1.987222	2.051547	2.089426	2.107890	2.106449	2.126098	2.141458	2.158379	2.173957
1567.16	0.00	0.042582	0.174931	0.264549	0.427464	0.579173	0.727969	0.887249	1.033365	1.187771	1.337568	1.481419	1.613247	1.731811	1.836792	1.924734	1.993212	2.056216
1574.88	0.00	0.034604	0.164692	0.263133	0.434247	0.587726	0.739511	0.909022	1.076868	1.276335	1.504498	1.776121	2.042515	2.055945	1.958060	1.901472	1.881538	1.887842
1582.60	0.00	0.021207	0.076742	0.114659	0.177654	0.232262	0.284837	0.341919	0.395839	0.455532	0.517160	0.581624	0.648067	0.718407	0.793746	0.873350	0.954286	1.042569
1590.32	0.00	-0.008158	0.008502	0.034457	0.089940	0.143448	0.196092	0.253036	0.306593	0.365470	0.425914	0.489239	0.554050	0.622637	0.696110	0.773292	0.852213	0.937785
1598.04	0.00	0.014207	0.069692	0.112216	0.182645	0.241557	0.296484	0.354449	0.408275	0.467052	0.527018	0.589532	0.653377	0.720724	0.792722	0.868098	0.944931	1.028067
1605.76	0.00	-0.003124	0.038216	0.079280	0.151134	0.213391	0.272450	0.335585	0.394561	0.459280	0.525482	0.594685	0.665439	0.740088	0.819489	0.902826	0.987175	1.078522
1613.48	0.00	0.024906	0.108534	0.170466	0.278977	0.375618	0.469087	0.570164	0.665919	0.772253	0.882614	1.000803	1.123751	1.256986	1.403208	1.560631	1.722227	1.893049
1621.20	0.00	0.033368	0.168376	0.280820	0.489454	0.680036	0.865534	1.064467	1.249621	1.447582	1.638291	1.810920	1.944058	2.026833	2.084865	2.123683	2.149689	2.174746
1628.92	0.00	0.025904	0.127633	0.200485	0.327954	0.439727	0.545460	0.656517	0.758924	0.869374	0.981196	1.096312	1.213162	1.335012	1.463677	1.595727	1.725722	1.856588
1636.64	0.00	0.040670	0.157414	0.233444	0.363613	0.475504	0.580955	0.692825	0.797291	0.911327	1.028143	1.149776	1.273011	1.402357	1.539008	1.676960	1.811554	1.940683
1644.36	0.00	0.042103	0.207985	0.329497	0.532027	0.705685	0.872356	1.052801	1.224926	1.415899	1.610658	1.802371	1.958562	2.051268	2.103982	2.131891	2.151995	2.171542
1652.08	0.00	0.107753	0.399081	0.594056	0.926260	1.204617	1.441062	1.639918	1.771900	1.870136	1.942700	2.000313	2.047893	2.073634	2.105983	2.133662	2.152809	2.172657
1659.80	0.00	0.047760	0.183813	0.281949	0.455846	0.608364	0.751507	0.901159	1.038265	1.185689	1.334830	1.486620	1.635861	1.780827	1.918249	2.027398	2.106951	2.155742
1667.52	0.00	0.027898	0.149520	0.239119	0.394096	0.530002	0.659140	0.796251	0.923636	1.062334	1.203878	1.350596	1.498420	1.648961	1.799195	1.936667	2.043283	2.122366
1675.24	0.00	0.066552	0.265784	0.411907	0.675167	0.914102	1.147730	1.398668	1.625606	1.836066	1.979113	2.050876	2.080964	2.086963	2.109488	2.136145	2.150297	2.168848
1682.96	0.00	0.083961	0.349342	0.523657	0.818709	1.072523	1.306322	1.535417	1.717817	1.868914	1.970170	2.038390	2.075427	2.090365	2.114023	2.137954	2.155087	2.170167
1690.68	0.00	0.053071	0.236525	0.365221	0.591179	0.790601	0.978387	1.173211	1.348062	1.530889	1.702733	1.857320	1.976416	2.044293	2.094082	2.126171	2.147617	2.166770
1698.40	0.00	0.106698	0.388165	0.588875	0.938690	1.238143	1.510691	1.764232	1.919147	1.996176	2.026221	2.048647	2.066984	2.073944	2.096439	2.121228	2.141486	2.161736
1706.12	0.00	0.065370	0.286471	0.442411	0.702279	0.904111	1.071364	1.228619	1.362273	1.498719	1.630028	1.754714	1.864412	1.950508	2.023212	2.077676	2.114238	2.143528
1713.84	0.00	0.058890	0.283046	0.436323	0.680341	0.887649	1.087152	1.303630	1.508724	1.727926	1.920565	2.041718	2.082076	2.078115	2.088074	2.106660	2.124865	2.145996
1721.56	0.00	0.061085	0.244951	0.359090	0.537734	0.688823	0.831171	0.980861	1.116681	1.260035	1.400277	1.537064	1.666746	1.783790	1.889933	1.979992	2.045963	2.097900
1729.28	0.00	0.029884	0.143073	0.225104	0.371739	0.500683	0.622739	0.752327	0.873341	1.006312	1.142756	1.286174	1.432813	1.584577	1.740808	1.890492	2.011398	2.099762
1737.00	0.00	0.086206	0.328215	0.487418	0.767444	1.031054	1.297413	1.580869	1.798613	1.927120	1.972112	1.999983	2.025192	2.038149	2.064904	2.092726	2.115230	2.136169
1744.72	0.00	0.047324	0.264347	0.421710	0.689032	0.920382	1.137775	1.361984	1.555885	1.738378	1.879450	1.974148	2.027906	2.047651	2.071625	2.095968	2.113811	2.132063
1752.44	0.00	0.073419	0.330139	0.511168	0.797909	1.016043	1.201622	1.382177	1.537488	1.692432	1.827789	1.940305	2.009525	2.043449	2.071821	2.097104	2.112379	2.131954
1760.16	0.00	0.032744	0.144017	0.232079	0.395433	0.547673	0.698298	0.862698	1.017614	1.187557	1.359766	1.534035	1.699492	1.845519	1.964280	2.041639	2.087030	2.119436
1767.88	0.00	0.046188	0.182825	0.283260	0.453400	0.598232	0.734066	0.877921	1.011080	1.155846	1.302226	1.451303	1.598445	1.739584	1.870426	1.976719	2.047871	2.098787
1775.60	0.00	0.054140	0.239812	0.375147	0.611151	0.820583	1.023229	1.241779	1.445255	1.658319	1.843066	1.967468	2.021863	2.027511	2.039300	2.055922	2.074583	2.093220
1783.32	0.00	0.018994	0.106019	0.176518	0.306155	0.423439	0.535581	0.654177	0.763080	0.879794	0.997036	1.116346	1.235515	1.356377	1.480465	1.603033	1.716102	1.824445
1791.04	0.00	0.046739	0.194282	0.298694	0.471538	0.615424	0.748212	0.888117	1.019114	1.164243	1.316555	1.481077	1.653240	1.830074	1.986032	2.075512	2.090882	2.080573
1798.76	0.00	0.041904	0.207749	0.325686	0.519115	0.675116	0.810605	0.940331	1.048459	1.153255	1.249089	1.337096	1.418088	1.494070	1.568039	1.638979	1.705035	1.769903
1806.48	0.00	0.026129	0.126350	0.201342	0.332220	0.446259	0.554059	0.668648	0.775400	0.892357	1.013483	1.141601	1.275717	1.420339	1.581098	1.753217	1.915078	2.047854
1814.20	0.00	0.010773	0.069989	0.113918	0.191858	0.261015	0.326541	0.395855	0.459336	0.527490	0.596222	0.666374	0.737179	0.810824	0.888821	0.970448	1.052193	1.140827
1821.92	0.00	0.017003	0.072375	0.113536	0.185805	0.249086	0.308696	0.371496	0.429191	0.490985	0.553129	0.616952	0.681179	0.748268	0.818612	0.891982	0.965831	1.044949
1829.64	0.00	0.035538	0.151249	0.230269	0.364148	0.480598	0.592021	0.711973	0.825294	0.950304	1.079797	1.216542	1.356547	1.503943	1.657330	1.805440	1.925146	2.010833
1837.36	0.00	0.011200	0.064904	0.106245	0.181864	0.251277	0.318581	0.390928	0.458460	0.531749	0.606406	0.683544	0.761486	0.842731	0.928483	1.017295	1.105880	1.199683
1845.08	0.00	0.040747	0.180798	0.276251	0.425688	0.545673	0.654349	0.766419	0.868730	0.978896	1.091847	1.211389	1.336588	1.473657	1.626948	1.791378	1.933121	2.001662
1852.80	0.00	0.013427	0.063499	0.095590	0.144036	0.181525	0.214451	0.247653	0.277109	0.308289	0.339554	0.371131	0.403281	0.436814	0.472523	0.510423	0.548678	0.590757
1860.52	0.00	-0.003171	0.012958	0.032537	0.073604	0.113380	0.152347	0.194231	0.233100	0.274920	0.317035	0.360267	0.403582	0.448533	0.495399	0.543699	0.591913	0.642961
1868.24	0.00	0.035581	0.176892	0.270587	0.418321	0.537619	0.645675	0.757577	0.860932	0.974921	1.096483	1.230791	1.380034	1.553795	1.751065	1.874857	1.820853	1.713334
1875.96	0.00	0.006831	0.038217	0.056774	0.084849	0.106903	0.126646	0.147210	0.166057	0.186824	0.208516	0.231068	0.254693	0.279619	0.306665	0.335688	0.365127	0.397765
1883.68	0.00	0.000622	0.015431	0.030565	0.059097	0.084156	0.107299	0.131182	0.152833	0.175828	0.198883	0.222593	0.246677	0.271832	0.298460	0.326393	0.354878	0.385581
1891.40	0.00	0.015131	0.079804	0.125723	0.202714	0.267168	0.326192	0.387248	0.442856	0.502501	0.562784	0.624976	0.688127	0.754838	0.826170	0.901371	0.978452	1.063077
1899.12	0.00	0.004402	0.035087	0.059004	0.099995	0.134368	0.165606	0.197728	0.226582	0.257188	0.287896	0.318811	0.349925	0.381868	0.415260	0.449879	0.484075	0.520953
1906.84	0.00	0.002311	0.028825	0.047632	0.078362	0.104358	0.128504	0.153717	0.176871	0.201616	0.226626	0.252169	0.278036	0.304924	0.333221	0.362788	0.392586	0.424693
1914.56	0.00	0.010168	0.055896	0.089627	0.147689	0.197976	0.244877	0.293678	0.337963	0.384939	0.431635	0.479087	0.526279	0.574963	0.625432	0.677340	0.728950	0.783497
1922.28	0.00	0.020383	0.095675	0.146252	0.229222	0.297482	0.359231	0.422261	0.478885	0.538535	0.597876	0.657436	0.716724	0.777469	0.840479	0.905453	0.969203	1.037562
1930.00	0.00	0.000509	0.015030	0.026031	0.044839	0.060732	0.075588	0.091228	0.105666	0.121342	0.137460	0.153839	0.170706	0.188259	0.206909	0.226701	0.246562	0.268439
1937.72	0.00	0.002152	0.019725	0.034224	0.059544	0.081039	0.100840	0.121354	0.140072	0.160090	0.180269	0.201003	0.222016	0.243873	0.266846	0.290754	0.314923	0.340793
1945.44	0.00	0.014357	0.077160	0.119359	0.187090	0.241120	0.288704	0.336278	0.378262	0.421908	0.464797	0.507516	0.549507	0.591984	0.635741	0.680177	0.723543	0.769237
1953.16	0.00	-0.001647	0.007024	0.017663	0.037739	0.055152	0.071355	0.088152	0.103416	0.119688	0.136027	0.152459	0.169059	0.186036	0.203798	0.222328	0.240619	0.260456
1960.88	0.00	0.001088	0.017328	0.031324	0.055604	0.075799	0.094035	0.112488	0.129067	0.146473	0.163833	0.181404	0.199079	0.217257	0.236284	0.256028	0.275884	0.297069
1968.60	0.00	0.006794	0.043245	0.067598	0.106344	0.137154	0.163945	0.190148	0.212718	0.235640	0.257781	0.279391	0.300550	0.321800	0.343717	0.366105	0.388184	0.411706
1976.32	0.00	-0.001858	-0.001970	-0.000634	0.003741	0.008525	0.013490	0.019012	0.024292	0.030162	0.036378	0.042671	0.049378	0.056353	0.063838	0.071949	0.080126	0.089328
1984.04	0.00	-0.000825	0.004238	0.008876	0.018429	0.027394	0.036069	0.045259	0.053778	0.062881	0.072093	0.081551	0.091124	0.101023	0.111337	0.122052	0.132927	0.144435
1991.76	0.00	0.010361	0.059987	0.092280	0.140211	0.177077	0.209650	0.242538	0.271927	0.302875	0.333478	0.364381	0.395189	0.426762	0.459784	0.493853	0.527716	0.563926
1999.48	0.00	0.002044	0.017990	0.029482	0.047499	0.061466	0.073778	0.086127	0.097033	0.108522	0.119896	0.131051	0.142392	0.153707	0.165588	0.177987	0.190165	0.203496
2007.20	0.00	-0.003373	-0.007197	-0.006994	-0.003199	0.001644	0.006819	0.012581	0.018201	0.024440	0.030999	0.037764	0.044954	0.052398	0.060383	0.068914	0.077591	0.087107
2014.92	0.00	0.003938	0.028500	0.045578	0.073084	0.095000	0.114182	0.133034	0.149466	0.166165	0.182227	0.197996	0.213317	0.228639	0.244210	0.259967	0.275354	0.291424
2022.64	0.00	0.003816	0.032206	0.053817	0.089523	0.118350	0.143713	0.168877	0.190724	0.213159	0.234804	0.255953	0.276698	0.297396	0.318634	0.340347	0.361462	0.384057
2030.36	0.00	-0.002624	-0.005039	-0.004679	-0.001693	0.001789	0.005469	0.009605	0.013601	0.018054	0.022785	0.027516	0.032638	0.037801	0.043286	0.049260	0.055191	0.061864
2038.08	0.00	0.000332	0.011046	0.018716	0.031441	0.042024	0.051651	0.061419	0.070173	0.079309	0.088334	0.097384	0.106439	0.115604	0.125100	0.134848	0.144646	0.154970
2045.80	0.00	0.001633	0.020718	0.034941	0.057734	0.076165	0.092788	0.109641	0.124623	0.140405	0.156008	0.171495	0.187018	0.202688	0.219013	0.235919	0.252505	0.270404
2053.52	0.00	-0.002846	-0.007670	-0.009692	-0.010553	-0.010207	-0.009345	-0.008147	-0.006812	-0.005158	-0.003211	-0.001245	0.001123	0.003521	0.006184	0.009242	0.012401	0.016063
2061.24	0.00	0.000679	0.011993	0.020311	0.033906	0.044751	0.054305	0.063755	0.072071	0.080629	0.088953	0.097156	0.105276	0.113407	0.121794	0.130299	0.138794	0.147698
2068.96	0.00	0.001870	0.019372	0.031750	0.051110	0.066145	0.079259	0.092142	0.103327	0.114764	0.125847	0.136554	0.147106	0.157522	0.168168	0.179121	0.189667	0.201018
2076.68	0.00	-0.002113	-0.003008	-0.002168	0.001282	0.004979	0.008686	0.012638	0.016326	0.020302	0.024437	0.028456	0.032761	0.037035	0.041531	0.046350	0.051148	0.056441
2084.40	0.00	-0.000589	0.006360	0.012586	0.023770	0.033016	0.041328	0.049555	0.056853	0.064453	0.071944	0.079319	0.086781	0.094241	0.102003	0.109964	0.117932	0.126348
2092.12	0.00	0.000497	0.013334	0.023268	0.039743	0.052906	0.064572	0.076022	0.086106	0.096533	0.106733	0.116777	0.126807	0.136858	0.147286	0.158095	0.168624	0.179991
2099.84	0.00	-0.001554	-0.000736	0.000548	0.004094	0.007640	0.011185	0.014903	0.018369	0.022116	0.025980	0.029725	0.033740	0.037646	0.041785	0.046224	0.050583	0.055435
2107.56	0.00	-0.001768	-0.002003	-0.001616	0.000049	0.001715	0.003420	0.005244	0.006940	0.008808	0.010785	0.012708	0.014858	0.016920	0.019136	0.021538	0.024031	0.026761
2115.28	0.00	-0.000498	0.007401	0.014368	0.026475	0.036293	0.044942	0.053422	0.060788	0.068270	0.075485	0.082445	0.089356	0.096095	0.102965	0.109993	0.116828	0.124050
2123.00	0.00	-0.001337	0.001011	0.003751	0.009520	0.014676	0.019516	0.024416	0.028802	0.033443	0.038068	0.042474	0.047075	0.051546	0.056145	0.061043	0.065805	0.071032
2130.72	0.00	-0.001708	-0.001869	-0.001715	-0.000519	0.000840	0.002352	0.003936	0.005468	0.007253	0.009109	0.010966	0.013042	0.015066	0.017205	0.019570	0.022007	0.024692
2138.44	0.00	-0.000467	0.007113	0.013708	0.025352	0.035007	0.043656	0.052221	0.059740	0.067539	0.075152	0.082575	0.090035	0.097376	0.104938	0.112660	0.120267	0.128288
2146.16	0.00	-0.001350	0.001530	0.005020	0.012537	0.019336	0.025734	0.032190	0.037992	0.044089	0.050160	0.056027	0.062048	0.067980	0.074124	0.080587	0.086858	0.093707
2153.88	0.00	-0.001723	-0.001934	-0.001670	-0.000143	0.001553	0.003352	0.005235	0.007086	0.009088	0.011171	0.013219	0.015486	0.017666	0.019959	0.022477	0.024989	0.027817
2161.60	0.00	-0.001121	0.002818	0.006731	0.014286	0.020720	0.026617	0.032517	0.037768	0.043230	0.048655	0.053959	0.059362	0.064659	0.070149	0.075829	0.081418	0.087445
2169.32	0.00	-0.001555	-0.000222	0.001476	0.005282	0.008598	0.011760	0.014904	0.017744	0.020741	0.023785	0.026672	0.029756	0.032665	0.035706	0.038965	0.042147	0.045695
2177.04	0.00	-0.001806	-0.002910	-0.003709	-0.004424	-0.004871	-0.005158	-0.005410	-0.005516	-0.005561	-0.005489	-0.005487	-0.005198	-0.005053	-0.004836	-0.004441	-0.003955	-0.003324
2184.76	0.00	-0.001522	0.000135	0.002141	0.006533	0.010444	0.014056	0.017674	0.020922	0.024340	0.027720	0.031017	0.034434	0.037766	0.041229	0.044887	0.048511	0.052403
2192.48	0.00	-0.001585	-0.000940	0.000057	0.002647	0.004982	0.007148	0.009328	0.011299	0.013403	0.015545	0.017558	0.019787	0.021859	0.024039	0.026455	0.028788	0.031445
2200.20	0.00	-0.001716	-0.002138	-0.002250	-0.001862	-0.001426	-0.000957	-0.000499	-0.000001	0.000553	0.001238	0.001816	0.002638	0.003311	0.004068	0.004986	0.005962	0.007092
2207.92	0.00	-0.001499	0.000312	0.002509	0.007258	0.011537	0.015552	0.019607	0.023307	0.027161	0.031017	0.034810	0.038705	0.042527	0.046509	0.050706	0.054842	0.059324
2215.64	0.00	-0.001562	-0.000763	0.000441	0.003483	0.006360	0.009138	0.011962	0.014579	0.017304	0.020093	0.022758	0.025636	0.028337	0.031213	0.034279	0.037300	0.040644
2223.36	0.00	-0.001769	-0.002138	-0.002140	-0.001396	-0.000611	0.000247	0.001079	0.001904	0.002813	0.003861	0.004755	0.005928	0.006905	0.008007	0.009263	0.010550	0.012023
2231.08	0.00	-0.001643	-0.001225	-0.000468	0.001701	0.003682	0.005623	0.007529	0.009295	0.011196	0.013144	0.014968	0.017010	0.018888	0.020876	0.023055	0.025228	0.027636
2238.80	0.00	-0.001655	-0.001320	-0.000545	0.001693	0.003822	0.005934	0.008023	0.010002	0.012072	0.014243	0.016269	0.018475	0.020572	0.022798	0.025154	0.027555	0.030213
2246.52	0.00	-0.001761	-0.002055	-0.001960	-0.000998	-0.000043	0.000972	0.001976	0.002956	0.004032	0.005207	0.006274	0.007559	0.008700	0.009942	0.011326	0.012752	0.014388
2254.24	0.00	-0.001576	-0.000578	0.000855	0.004426	0.007846	0.011185	0.014561	0.017665	0.020978	0.024287	0.027495	0.030875	0.034140	0.037540	0.041177	0.044777	0.048661
2261.96	0.00	-0.001747	-0.001620	-0.001125	0.000561	0.002197	0.003842	0.005466	0.007017	0.008679	0.010410	0.011988	0.013797	0.015421	0.017195	0.019117	0.021002	0.023192
2269.68	0.00	-0.001732	-0.002088	-0.002094	-0.001466	-0.000838	-0.000166	0.000443	0.001060	0.001763	0.002532	0.003216	0.004105	0.004838	0.005658	0.006597	0.007587	0.008786
2277.40	0.00	-0.001633	-0.001121	-0.000182	0.002379	0.004827	0.007264	0.009711	0.011963	0.014376	0.016839	0.019195	0.021722	0.024123	0.026664	0.029359	0.032060	0.035027
2285.12	0.00	-0.001791	-0.002200	-0.002231	-0.001636	-0.001010	-0.000303	0.000365	0.001022	0.001695	0.002525	0.003240	0.004156	0.004920	0.005769	0.006772	0.007804	0.009031
2292.84	0.00	-0.001642	-0.001537	-0.001021	0.000647	0.002292	0.003903	0.005495	0.007020	0.008578	0.010255	0.011805	0.013517	0.015126	0.016792	0.018641	0.020500	0.022585
2300.56	0.00	-0.001771	-0.001925	-0.001672	-0.000475	0.000726	0.001922	0.003114	0.004266	0.005482	0.006842	0.008013	0.009444	0.010730	0.012087	0.013637	0.015176	0.016969
2308.28	0.00	-0.001748	-0.002121	-0.002141	-0.001493	-0.000841	-0.000141	0.000529	0.001203	0.001900	0.002746	0.003420	0.004350	0.005112	0.005942	0.006961	0.007981	0.009208
2316.00	0.00	-0.001806	-0.002203	-0.002216	-0.001570	-0.000904	-0.000235	0.000412	0.001041	0.001729	0.002527	0.003142	0.004033	0.004798	0.005625	0.006578	0.007613	0.008865
2323.72	0.00	-0.001918	-0.002329	-0.002298	-0.001635	-0.000893	-0.000191	0.000496	0.001149	0.001863	0.002736	0.003376	0.004269	0.005091	0.005956	0.006993	0.008100	0.009440
2331.44	0.00	-0.001952	-0.002330	-0.002298	-0.001641	-0.000933	-0.000288	0.000338	0.000955	0.001624	0.002407	0.002956	0.003775	0.004512	0.005314	0.006267	0.007351	0.008605
2339.16	0.00	-0.002063	-0.002587	-0.002695	-0.002284	-0.001818	-0.001355	-0.000932	-0.000507	-0.000029	0.000580	0.000921	0.001566	0.002155	0.002760	0.003567	0.004470	0.005593
2346.88	0.00	-0.001910	-0.002509	-0.002737	-0.002602	-0.002348	-0.002153	-0.001958	-0.001745	-0.001511	-0.001124	-0.000954	-0.000540	-0.000204	0.000140	0.000682	0.001254	0.002033
2354.60	0.00	-0.001936	-0.002552	-0.002765	-0.002618	-0.002334	-0.002162	-0.001936	-0.001700	-0.001411	-0.001026	-0.000843	-0.000397	-0.000014	0.000361	0.000905	0.001563	0.002366
2362.32	0.00	-0.002167	-0.002824	-0.003038	-0.002890	-0.002678	-0.002504	-0.002374	-0.002191	-0.001990	-0.001661	-0.001637	-0.001282	-0.000988	-0.000689	-0.000168	0.000454	0.001349
2370.04	0.00	-0.002044	-0.002704	-0.002975	-0.002978	-0.002901	-0.002844	-0.002843	-0.002764	-0.002704	-0.002494	-0.002539	-0.002311	-0.002130	-0.001942	-0.001539	-0.001051	-0.000368
2377.76	0.00	-0.001840	-0.002578	-0.002903	-0.002943	-0.002894	-0.002815	-0.002794	-0.002708	-0.002655	-0.002403	-0.002367	-0.002082	-0.001885	-0.001702	-0.001306	-0.000863	-0.000275
2385.48	0.00	-0.001737	-0.002506	-0.002948	-0.003205	-0.003380	-0.003492	-0.003664	-0.003764	-0.003882	-0.003828	-0.003925	-0.003774	-0.003803	-0.003807	-0.003675	-0.003463	-0.003115
2393.20	0.00	-0.001753	-0.002475	-0.002855	-0.002990	-0.003059	-0.003091	-0.003148	-0.003176	-0.003177	-0.003043	-0.003036	-0.002804	-0.002721	-0.002637	-0.002395	-0.002093	-0.001678
2400.92	0.00	-0.001795	-0.002622	-0.003031	-0.003324	-0.003498	-0.003626	-0.003801	-0.003928	-0.004043	-0.003976	-0.004102	-0.003963	-0.004005	-0.003999	-0.003846	-0.003699	-0.003365
2408.64	0.00	-0.001751	-0.002503	-0.002904	-0.003119	-0.003223	-0.003317	-0.003478	-0.003558	-0.003643	-0.003576	-0.003646	-0.003472	-0.003475	-0.003471	-0.003296	-0.003098	-0.002740
2416.36	0.00	-0.001791	-0.002595	-0.003064	-0.003344	-0.003517	-0.003670	-0.003880	-0.004010	-0.004151	-0.004143	-0.004239	-0.004111	-0.004126	-0.004203	-0.004068	-0.003896	-0.003599
2424.08	0.00	-0.001810	-0.002599	-0.002987	-0.003286	-0.003433	-0.003542	-0.003738	-0.003844	-0.003972	-0.003937	-0.004060	-0.003950	-0.003985	-0.004016	-0.003880	-0.003707	-0.003401
2431.80	0.00	-0.001778	-0.002554	-0.002995	-0.003271	-0.003450	-0.003572	-0.003744	-0.003849	-0.003972	-0.003934	-0.004055	-0.003921	-0.003940	-0.003968	-0.003826	-0.003628	-0.003306
2439.52	0.00	-0.001820	-0.002593	-0.003065	-0.003341	-0.003515	-0.003637	-0.003807	-0.003928	-0.004039	-0.004018	-0.004133	-0.003989	-0.003999	-0.004051	-0.003920	-0.003740	-0.003444
2447.24	0.00	-0.001797	-0.002590	-0.003017	-0.003321	-0.003484	-0.003627	-0.003833	-0.003979	-0.004117	-0.004109	-0.004220	-0.004093	-0.004143	-0.004180	-0.004067	-0.003917	-0.003631
2454.96	0.00	-0.001823	-0.002655	-0.003117	-0.003411	-0.003617	-0.003781	-0.003985	-0.004133	-0.004269	-0.004289	-0.004391	-0.004280	-0.004344	-0.004402	-0.004300	-0.004152	-0.003868
2462.68	0.00	-0.001787	-0.002572	-0.003024	-0.003323	-0.003514	-0.003685	-0.003900	-0.004017	-0.004145	-0.004134	-0.004288	-0.004164	-0.004202	-0.004287	-0.004186	-0.004027	-0.003745
2470.40	0.00	-0.001783	-0.002594	-0.003008	-0.003293	-0.003445	-0.003589	-0.003753	-0.003871	-0.004015	-0.003969	-0.004087	-0.003926	-0.003945	-0.003983	-0.003861	-0.003664	-0.003380
2478.12	0.00	-0.001838	-0.002664	-0.003127	-0.003447	-0.003652	-0.003835	-0.004024	-0.004184	-0.004326	-0.004334	-0.004454	-0.004340	-0.004397	-0.004469	-0.004345	-0.004188	-0.003922
2485.84	0.00	-0.001798	-0.002596	-0.003011	-0.003318	-0.003467	-0.003632	-0.003839	-0.003925	-0.004066	-0.004023	-0.004168	-0.004049	-0.004091	-0.004123	-0.003997	-0.003833	-0.003479
2493.56	0.00	-0.001814	-0.002688	-0.003128	-0.003441	-0.003593	-0.003790	-0.004005	-0.004144	-0.004270	-0.004298	-0.004388	-0.004256	-0.004295	-0.004353	-0.004239	-0.004059	-0.003774
2501.28	0.00	-0.001798	-0.002607	-0.003027	-0.003313	-0.003481	-0.003658	-0.003882	-0.004020	-0.004169	-0.004157	-0.004305	-0.004157	-0.004216	-0.004290	-0.004160	-0.003986	-0.003706
2509.00	0.00	-0.001823	-0.002620	-0.003018	-0.003335	-0.003477	-0.003631	-0.003828	-0.003920	-0.004083	-0.004066	-0.004207	-0.004067	-0.004107	-0.004124	-0.004027	-0.003826	-0.003515
2516.72	0.00	-0.001832	-0.002725	-0.003145	-0.003440	-0.003591	-0.003739	-0.003909	-0.004013	-0.004153	-0.004152	-0.004242	-0.004130	-0.004120	-0.004171	-0.004042	-0.003846	-0.003546
2524.44	0.00	-0.001779	-0.002631	-0.003066	-0.003400	-0.003600	-0.003793	-0.004001	-0.004118	-0.004310	-0.004308	-0.004443	-0.004340	-0.004382	-0.004459	-0.004345	-0.004186	-0.003894
2532.16	0.00	-0.001835	-0.002657	-0.003100	-0.003402	-0.003544	-0.003708	-0.003882	-0.003965	-0.004124	-0.004080	-0.004175	-0.004022	-0.004036	-0.004060	-0.003945	-0.003709	-0.003423
2539.88	0.00	-0.001801	-0.002685	-0.003159	-0.003497	-0.003687	-0.003850	-0.004083	-0.004180	-0.004369	-0.004331	-0.004469	-0.004356	-0.004372	-0.004403	-0.004288	-0.004091	-0.003803
2547.60	0.00	-0.001817	-0.002641	-0.003069	-0.003363	-0.003490	-0.003638	-0.003812	-0.003893	-0.004030	-0.003977	-0.004083	-0.003924	-0.003926	-0.003946	-0.003802	-0.003588	-0.003257
2555.32	0.00	-0.001810	-0.002661	-0.003074	-0.003396	-0.003548	-0.003699	-0.003859	-0.003965	-0.004101	-0.004026	-0.004142	-0.004001	-0.003992	-0.004028	-0.003922	-0.003707	-0.003380
2563.04	0.00	-0.001768	-0.002603	-0.003023	-0.003320	-0.003461	-0.003616	-0.003756	-0.003876	-0.004000	-0.003952	-0.004061	-0.003916	-0.003937	-0.003967	-0.003825	-0.003611	-0.003304
2570.76	0.00	-0.001787	-0.002628	-0.003020	-0.003252	-0.003310	-0.003438	-0.003503	-0.003587	-0.003633	-0.003564	-0.003584	-0.003396	-0.003331	-0.003320	-0.003117	-0.002856	-0.002492
2578.48	0.00	-0.001794	-0.002685	-0.003101	-0.003463	-0.003576	-0.003758	-0.003904	-0.004007	-0.004153	-0.004110	-0.004186	-0.004063	-0.004042	-0.004104	-0.003953	-0.003739	-0.003416
2586.20	0.00	-0.001775	-0.002606	-0.002976	-0.003265	-0.003296	-0.003432	-0.003532	-0.003558	-0.003651	-0.003550	-0.003588	-0.003362	-0.003318	-0.003311	-0.003109	-0.002810	-0.002409
2593.92	0.00	-0.001787	-0.002660	-0.003050	-0.003297	-0.003360	-0.003472	-0.003598	-0.003648	-0.003775	-0.003667	-0.003740	-0.003530	-0.003476	-0.003462	-0.003303	-0.003041	-0.002648
2601.64	0.00	-0.001770	-0.002586	-0.002941	-0.003221	-0.003259	-0.003383	-0.003483	-0.003521	-0.003642	-0.003503	-0.003570	-0.003387	-0.003325	-0.003306	-0.003132	-0.002855	-0.002495
2609.36	0.00	-0.001761	-0.002605	-0.002902	-0.003092	-0.003069	-0.003124	-0.003175	-0.003127	-0.003165	-0.002972	-0.002973	-0.002718	-0.002617	-0.002525	-0.002276	-0.001940	-0.001459
2617.08	0.00	-0.001761	-0.002640	-0.003021	-0.003318	-0.003407	-0.003570	-0.003692	-0.003770	-0.003903	-0.003802	-0.003874	-0.003685	-0.003646	-0.003658	-0.003492	-0.003235	-0.002862
2624.80	0.00	-0.001759	-0.002609	-0.002905	-0.003106	-0.003051	-0.003132	-0.003105	-0.003046	-0.003063	-0.002830	-0.002799	-0.002502	-0.002347	-0.002233	-0.001938	-0.001561	-0.001085
2632.52	0.00	-0.001809	-0.002786	-0.003154	-0.003525	-0.003629	-0.003786	-0.003898	-0.003914	-0.004070	-0.003909	-0.003998	-0.003785	-0.003738	-0.003732	-0.003535	-0.003274	-0.002882
2640.24	0.00	-0.001764	-0.002630	-0.002981	-0.003238	-0.003241	-0.003330	-0.003312	-0.003342	-0.003359	-0.003147	-0.003131	-0.002826	-0.002700	-0.002613	-0.002339	-0.002004	-0.001543
2647.96	0.00	-0.001735	-0.002598	-0.002953	-0.003228	-0.003255	-0.003407	-0.003484	-0.003515	-0.003599	-0.003444	-0.003491	-0.003263	-0.003209	-0.003146	-0.002933	-0.002652	-0.002230
2655.68	0.00	-0.001777	-0.002611	-0.002970	-0.003215	-0.003251	-0.003428	-0.003510	-0.003561	-0.003675	-0.003572	-0.003609	-0.003378	-0.003330	-0.003302	-0.003144	-0.002871	-0.002467
2663.40	0.00	-0.001774	-0.002547	-0.002889	-0.003107	-0.003075	-0.003199	-0.003214	-0.003209	-0.003273	-0.003104	-0.003101	-0.002849	-0.002729	-0.002656	-0.002429	-0.002101	-0.001649
2671.12	0.00	-0.001791	-0.002654	-0.003009	-0.003371	-0.003438	-0.003636	-0.003796	-0.003853	-0.004033	-0.003936	-0.004050	-0.003891	-0.003877	-0.003867	-0.003757	-0.003501	-0.003162
2678.84	0.00	-0.001806	-0.002764	-0.003136	-0.003387	-0.003443	-0.003550	-0.003603	-0.003634	-0.003705	-0.003582	-0.003570	-0.003320	-0.003231	-0.003191	-0.002985	-0.002679	-0.002266
2686.56	0.00	-0.001780	-0.002695	-0.003089	-0.003436	-0.003536	-0.003709	-0.003825	-0.003896	-0.004084	-0.003987	-0.004091	-0.003951	-0.003919	-0.003984	-0.003819	-0.003596	-0.003254
2694.28	0.00	-0.001739	-0.002607	-0.002961	-0.003296	-0.003381	-0.003596	-0.003738	-0.003827	-0.004033	-0.003952	-0.004047	-0.003916	-0.003912	-0.003939	-0.003820	-0.003583	-0.003223
2702.00	0.00	-0.001781	-0.002652	-0.003005	-0.003271	-0.003319	-0.003497	-0.003611	-0.003671	-0.003813	-0.003685	-0.003744	-0.003563	-0.003546	-0.003555	-0.003407	-0.003156	-0.002771
2709.72	0.00	-0.001776	-0.002690	-0.003070	-0.003435	-0.003537	-0.003762	-0.003927	-0.004022	-0.004241	-0.004150	-0.004270	-0.004134	-0.004128	-0.004178	-0.004071	-0.003855	-0.003520
2717.44	0.00	-0.001702	-0.002411	-0.002553	-0.002466	-0.002112	-0.001921	-0.001643	-0.001321	-0.001094	-0.000609	-0.000272	0.000290	0.000725	0.001119	0.001673	0.002315	0.003109
2725.16	0.00	-0.001777	-0.002575	-0.002751	-0.002702	-0.002344	-0.002199	-0.001903	-0.001605	-0.001362	-0.000847	-0.000549	-0.000009	0.000430	0.000804	0.001370	0.002002	0.002759
2732.88	0.00	-0.001724	-0.002670	-0.003050	-0.003400	-0.003504	-0.003799	-0.003927	-0.004024	-0.004249	-0.004206	-0.004334	-0.004224	-0.004242	-0.004318	-0.004194	-0.004000	-0.003677
2740.60	0.00	-0.001679	-0.002641	-0.002993	-0.003409	-0.003478	-0.003761	-0.003932	-0.004014	-0.004231	-0.004207	-0.004337	-0.004190	-0.004205	-0.004275	-0.004165	-0.003974	-0.003642
2748.32	0.00	-0.001744	-0.002781	-0.003168	-0.003609	-0.003670	-0.003951	-0.004085	-0.004210	-0.004431	-0.004400	-0.004508	-0.004384	-0.004387	-0.004449	-0.004342	-0.004156	-0.003865
2756.04	0.00	-0.001732	-0.002696	-0.003068	-0.003443	-0.003491	-0.003752	-0.003823	-0.003887	-0.004054	-0.003951	-0.004033	-0.003852	-0.003819	-0.003864	-0.003685	-0.003451	-0.003107
2763.76	0.00	-0.001697	-0.002621	-0.002930	-0.003302	-0.003310	-0.003578	-0.003652	-0.003700	-0.003872	-0.003731	-0.003842	-0.003645	-0.003580	-0.003620	-0.003455	-0.003211	-0.002821
2771.48	0.00	-0.001713	-0.002682	-0.003002	-0.003340	-0.003353	-0.003604	-0.003688	-0.003745	-0.003959	-0.003840	-0.003919	-0.003721	-0.003654	-0.003720	-0.003555	-0.003293	-0.002925
2779.20	0.00	-0.001702	-0.002693	-0.003005	-0.003343	-0.003272	-0.003474	-0.003546	-0.003522	-0.003690	-0.003513	-0.003580	-0.003344	-0.003246	-0.003274	-0.003061	-0.002758	-0.002366
2786.92	0.00	-0.001687	-0.002597	-0.002889	-0.003156	-0.003074	-0.003217	-0.003184	-0.003136	-0.003222	-0.002982	-0.003000	-0.002711	-0.002537	-0.002450	-0.002206	-0.001866	-0.001357
2794.64	0.00	-0.001787	-0.002773	-0.003039	-0.003297	-0.003187	-0.003341	-0.003292	-0.003201	-0.003265	-0.003032	-0.003000	-0.002700	-0.002525	-0.002475	-0.002198	-0.001850	-0.001337
2802.36	0.00	-0.001700	-0.002641	-0.002893	-0.003218	-0.003077	-0.003256	-0.003247	-0.003145	-0.003232	-0.002983	-0.002996	-0.002696	-0.002546	-0.002527	-0.002230	-0.001858	-0.001369
2810.08	0.00	-0.001666	-0.002599	-0.002872	-0.003180	-0.003105	-0.003313	-0.003330	-0.003287	-0.003474	-0.003264	-0.003278	-0.003039	-0.002874	-0.002883	-0.002666	-0.002324	-0.001865
2817.80	0.00	-0.001685	-0.002607	-0.002800	-0.002975	-0.002755	-0.002881	-0.002768	-0.002617	-0.002695	-0.002355	-0.002261	-0.001916	-0.001637	-0.001572	-0.001211	-0.000771	-0.000171
2825.52	0.00	-0.001625	-0.002415	-0.002517	-0.002638	-0.002333	-0.002369	-0.002131	-0.001911	-0.001901	-0.001462	-0.001353	-0.000886	-0.000543	-0.000370	0.000102	0.000630	0.001303
2833.24	0.00	-0.001682	-0.002670	-0.002909	-0.003262	-0.003189	-0.003454	-0.003451	-0.003422	-0.003663	-0.003438	-0.003504	-0.003249	-0.003122	-0.003182	-0.002961	-0.002654	-0.002246
2840.96	0.00	-0.001776	-0.002756	-0.002926	-0.003105	-0.002808	-0.002915	-0.002758	-0.002593	-0.002645	-0.002263	-0.002191	-0.001844	-0.001533	-0.001462	-0.001121	-0.000652	-0.000109
2848.68	0.00	-0.001685	-0.002612	-0.002764	-0.002971	-0.002689	-0.002818	-0.002602	-0.002396	-0.002464	-0.002044	-0.001969	-0.001558	-0.001220	-0.001130	-0.000710	-0.000204	0.000426
2856.40	0.00	-0.001700	-0.002697	-0.002918	-0.003278	-0.003159	-0.003459	-0.003436	-0.003409	-0.003664	-0.003420	-0.003499	-0.003247	-0.003110	-0.003233	-0.002994	-0.002709	-0.002290
2864.12	0.00	-0.001682	-0.002535	-0.002628	-0.002755	-0.002378	-0.002433	-0.002154	-0.001859	-0.001838	-0.001339	-0.001165	-0.000692	-0.000271	-0.000086	0.000407	0.000966	0.001703
2871.84	0.00	-0.001703	-0.002529	-0.002544	-0.002487	-0.001891	-0.001785	-0.001283	-0.000826	-0.000643	0.000038	0.000370	0.001014	0.001593	0.001934	0.002610	0.003348	0.004264
2879.56	0.00	-0.001705	-0.002690	-0.002862	-0.003187	-0.002985	-0.003243	-0.003142	-0.003103	-0.003283	-0.002981	-0.003019	-0.002745	-0.002549	-0.002604	-0.002340	-0.001991	-0.001517
2887.28	0.00	-0.001575	-0.002317	-0.002264	-0.002273	-0.001754	-0.001708	-0.001273	-0.000886	-0.000733	-0.000125	0.000168	0.000775	0.001350	0.001612	0.002277	0.002990	0.003858
2895.00	0.00	-0.001594	-0.001980	-0.001503	-0.000513	0.000938	0.001799	0.003130	0.004331	0.005258	0.006723	0.007764	0.009153	0.010476	0.011523	0.012977	0.014438	0.016115
2902.72	0.00	-0.001594	-0.002453	-0.002456	-0.002536	-0.002035	-0.002060	-0.001631	-0.001241	-0.001183	-0.000519	-0.000290	0.000367	0.000890	0.001149	0.001775	0.002506	0.003386
2910.44	0.00	-0.001646	-0.002022	-0.001383	-0.000160	0.001573	0.002731	0.004342	0.005809	0.006979	0.008686	0.010027	0.011673	0.013298	0.014588	0.016285	0.018092	0.020033
2918.16	0.00	-0.001732	-0.002234	-0.001689	-0.000632	0.000856	0.001718	0.003107	0.004259	0.005183	0.006605	0.007659	0.009012	0.010339	0.011344	0.012746	0.014185	0.015851
2925.88	0.00	-0.001721	-0.002921	-0.003231	-0.003962	-0.003927	-0.004403	-0.004387	-0.004399	-0.004689	-0.004391	-0.004500	-0.004182	-0.003897	-0.003960	-0.003615	-0.003146	-0.002558
2933.60	0.00	-0.001351	0.000486	0.003401	0.009055	0.014829	0.019661	0.025046	0.029881	0.034457	0.039493	0.044058	0.048854	0.053662	0.058138	0.063074	0.067954	0.073135
2941.32	0.00	-0.001475	-0.001038	0.000460	0.003331	0.006588	0.009079	0.012191	0.014906	0.017394	0.020455	0.023027	0.025963	0.028852	0.031437	0.034487	0.037477	0.040890
2949.04	0.00	-0.001752	-0.002693	-0.002645	-0.002535	-0.001748	-0.001506	-0.000747	-0.000092	0.000266	0.001271	0.001836	0.002865	0.003854	0.004473	0.005540	0.006726	0.008079
2956.76	0.00	-0.001197	0.001457	0.005227	0.012578	0.019911	0.026095	0.033055	0.039164	0.045132	0.051548	0.057420	0.063610	0.069790	0.075605	0.081972	0.088203	0.094836
2964.48	0.00	-0.001341	-0.000461	0.001478	0.005302	0.009582	0.012982	0.017143	0.020869	0.024387	0.028501	0.032113	0.036104	0.040125	0.043815	0.048066	0.052288	0.056903
2972.20	0.00	-0.001075	0.001647	0.005491	0.012787	0.020017	0.026042	0.032709	0.038653	0.044361	0.050527	0.056292	0.062243	0.068316	0.073967	0.080146	0.086326	0.092827
2979.92	0.00	-0.000906	0.003241	0.008711	0.019149	0.029136	0.037682	0.046925	0.055038	0.063014	0.071430	0.079253	0.087351	0.095484	0.103286	0.111700	0.119885	0.128724
2987.64	0.00	-0.000982	0.001933	0.006057	0.014082	0.022073	0.028893	0.036401	0.043085	0.049555	0.056538	0.063000	0.069730	0.076546	0.082972	0.089996	0.096911	0.104227
2995.36	0.00	-0.000627	0.004965	0.011749	0.024437	0.036326	0.046543	0.057489	0.067177	0.076691	0.086699	0.096092	0.105642	0.115332	0.124566	0.134477	0.144102	0.154325
3003.08	0.00	-0.001119	-0.000143	0.002083	0.006374	0.011080	0.014884	0.019333	0.023310	0.027053	0.031362	0.035166	0.039279	0.043449	0.047186	0.051469	0.055673	0.060239
3010.80	0.00	0.000069	0.010441	0.021720	0.042029	0.059915	0.075109	0.090745	0.104438	0.117912	0.131635	0.144708	0.157835	0.171125	0.183912	0.197343	0.210626	0.224318
3018.52	0.00	-0.000636	0.005764	0.013149	0.026149	0.037692	0.047263	0.057442	0.066256	0.074889	0.084025	0.092387	0.101055	0.109704	0.117895	0.126961	0.135608	0.144976
3026.24	0.00	-0.001075	0.000371	0.003165	0.008359	0.013940	0.018443	0.023722	0.028442	0.032985	0.037996	0.042709	0.047660	0.052810	0.057475	0.062762	0.068137	0.073779
3033.96	0.00	0.000486	0.013511	0.027660	0.052987	0.075029	0.093680	0.112834	0.129441	0.145931	0.162688	0.178707	0.194760	0.211095	0.226946	0.243601	0.259924	0.277298
3041.68	0.00	-0.001079	0.000585	0.003440	0.008455	0.013493	0.017273	0.021764	0.025575	0.029136	0.033300	0.036821	0.040760	0.044724	0.048149	0.052280	0.056238	0.060696
3049.40	0.00	-0.001091	-0.000145	0.002138	0.006285	0.010748	0.014048	0.017958	0.021319	0.024319	0.027815	0.030801	0.034138	0.037499	0.040374	0.043765	0.047279	0.050940
3057.12	0.00	-0.000337	0.005456	0.012307	0.024579	0.035803	0.045141	0.055162	0.063922	0.072405	0.081399	0.089714	0.098292	0.106974	0.115154	0.123948	0.132635	0.141773
3064.84	0.00	-0.000175	0.006944	0.015154	0.029903	0.043431	0.054856	0.067147	0.077970	0.088702	0.099956	0.110571	0.121466	0.132623	0.143187	0.154660	0.165871	0.177813
3072.56	0.00	-0.000807	0.001287	0.004523	0.009869	0.015198	0.019103	0.023690	0.027565	0.031104	0.035255	0.038823	0.042734	0.046689	0.050080	0.054059	0.058047	0.062315
3080.28	0.00	-0.000347	0.005497	0.012827	0.026321	0.038963	0.049480	0.060741	0.070519	0.079913	0.089743	0.098821	0.108093	0.117467	0.126164	0.135458	0.144694	0.154189
3088.00	0.00	-0.000691	0.002845	0.007882	0.017207	0.026291	0.033790	0.042144	0.049460	0.056492	0.064196	0.071206	0.078599	0.086043	0.093013	0.100771	0.108341	0.116533
3095.72	0.00	-0.000413	0.003887	0.009467	0.019491	0.029057	0.036869	0.045525	0.053102	0.060338	0.068091	0.075264	0.082668	0.090219	0.097169	0.104672	0.112203	0.119916
3103.44	0.00	0.000488	0.011284	0.023744	0.047193	0.068933	0.087905	0.108039	0.125770	0.143662	0.161956	0.179440	0.197113	0.215226	0.232726	0.251347	0.269609	0.288917
3111.16	0.00	-0.000304	0.004341	0.010674	0.022959	0.035388	0.046283	0.058468	0.069306	0.080147	0.091597	0.102491	0.113647	0.125100	0.136008	0.147807	0.159401	0.171718
3118.88	0.00	0.000759	0.014819	0.030627	0.059929	0.086546	0.109750	0.134175	0.155608	0.177011	0.198883	0.219925	0.241032	0.262624	0.283680	0.305813	0.327783	0.350700
3126.60	0.00	0.000744	0.012756	0.026405	0.051682	0.074695	0.094431	0.115081	0.133017	0.150665	0.168816	0.185794	0.202820	0.220086	0.236656	0.254193	0.271197	0.289237
3134.32	0.00	-0.000135	0.003970	0.009456	0.019508	0.029365	0.037430	0.046551	0.054520	0.062207	0.070672	0.078336	0.086361	0.094603	0.102166	0.110626	0.118839	0.127714
3142.04	0.00	-0.000580	0.000549	0.002807	0.006380	0.010333	0.012968	0.016553	0.019543	0.022217	0.025645	0.028431	0.031756	0.035077	0.037784	0.041269	0.044657	0.048413
3149.76	0.00	-0.000637	-0.000479	0.001029	0.003555	0.007064	0.009545	0.013112	0.016217	0.019012	0.022616	0.025628	0.029182	0.032836	0.035855	0.039630	0.043406	0.047517
3157.48	0.00	-0.000557	0.000078	0.002017	0.004974	0.008478	0.010690	0.013930	0.016634	0.018927	0.022053	0.024516	0.027453	0.030531	0.032860	0.035925	0.039009	0.042389
3165.20	0.00	-0.000559	-0.000637	0.000455	0.002010	0.004510	0.005894	0.008415	0.010536	0.012300	0.014885	0.016932	0.019442	0.022134	0.024135	0.026864	0.029655	0.032659
3172.92	0.00	-0.000308	0.001369	0.004274	0.009264	0.014844	0.019168	0.024590	0.029390	0.033844	0.039161	0.043915	0.049103	0.054549	0.059264	0.064803	0.070433	0.076318
3180.64	0.00	0.000225	0.005821	0.012683	0.024770	0.036230	0.045581	0.055957	0.064986	0.073680	0.083103	0.091747	0.100749	0.109971	0.118409	0.127813	0.137055	0.146887
3188.36	0.00	-0.000140	0.002041	0.005582	0.011896	0.018627	0.023850	0.030222	0.035731	0.040879	0.046881	0.052112	0.057780	0.063656	0.068772	0.074745	0.080615	0.086955
3196.08	0.00	0.000134	0.004200	0.009551	0.018987	0.028300	0.035741	0.044315	0.051776	0.058846	0.066711	0.073878	0.081413	0.089182	0.096158	0.103988	0.111815	0.120047
3203.80	0.00	0.000202	0.004261	0.009557	0.018771	0.028003	0.035303	0.043848	0.051267	0.058434	0.066373	0.073648	0.081343	0.089296	0.096521	0.104739	0.112842	0.121501
3211.52	0.00	0.000344	0.005133	0.011215	0.021656	0.031722	0.039629	0.048696	0.056497	0.063899	0.072081	0.079449	0.087295	0.095398	0.102623	0.110820	0.118927	0.127511
3219.24	0.00	0.000688	0.008225	0.017186	0.033082	0.048109	0.060538	0.074268	0.086214	0.097913	0.110394	0.122069	0.134096	0.146477	0.158009	0.170603	0.183107	0.196224
3226.96	0.00	0.000758	0.008351	0.017421	0.033857	0.049652	0.062905	0.077463	0.090078	0.102465	0.115498	0.127696	0.140053	0.152765	0.164483	0.177219	0.189648	0.202695
3234.68	0.00	0.000942	0.009998	0.020645	0.040101	0.058475	0.073994	0.090857	0.105503	0.119824	0.134911	0.148900	0.163197	0.177861	0.191385	0.206184	0.220547	0.235748
3242.40	0.00	0.000621	0.006532	0.013935	0.027344	0.040556	0.051442	0.063823	0.074611	0.085123	0.096500	0.107020	0.117927	0.129207	0.139578	0.151054	0.162409	0.174395
3250.12	0.00	0.000729	0.007204	0.014855	0.028112	0.040873	0.051114	0.062786	0.072909	0.082727	0.093306	0.103140	0.113374	0.123963	0.133665	0.144339	0.154926	0.166154
3257.84	0.00	0.001300	0.011397	0.022706	0.042394	0.060499	0.075435	0.091738	0.105957	0.119923	0.134765	0.148593	0.162915	0.177676	0.191450	0.206541	0.221371	0.237069
3265.56	0.00	0.000548	0.004350	0.009546	0.018933	0.028837	0.037014	0.046802	0.055401	0.063878	0.073392	0.082189	0.091486	0.101206	0.110041	0.120106	0.130041	0.140647
3273.28	0.00	0.001003	0.009872	0.020539	0.039993	0.058293	0.073486	0.089927	0.104113	0.117779	0.132198	0.145577	0.159204	0.173237	0.186078	0.199953	0.213678	0.227819
3281.00	0.00	0.002323	0.018575	0.035745	0.066015	0.093169	0.116004	0.140324	0.161566	0.182433	0.204224	0.224684	0.245586	0.267030	0.287335	0.309286	0.330774	0.353657
3288.72	0.00	0.001672	0.012887	0.024908	0.045631	0.064690	0.080493	0.097865	0.112835	0.127397	0.142780	0.156995	0.171468	0.186324	0.199915	0.214676	0.229128	0.244277
3296.44	0.00	0.001241	0.009967	0.020787	0.040723	0.059938	0.076259	0.094331	0.110083	0.125612	0.142093	0.157504	0.173220	0.189445	0.204530	0.220985	0.237078	0.254055
3304.16	0.00	0.000894	0.006534	0.013700	0.026302	0.038603	0.048304	0.059376	0.068854	0.077729	0.087477	0.096203	0.105258	0.114631	0.122837	0.132037	0.141113	0.150679
3311.88	0.00	0.002034	0.016369	0.031614	0.057935	0.081498	0.100867	0.121385	0.138937	0.155713	0.173097	0.189096	0.205188	0.221686	0.236625	0.252694	0.268521	0.284871
3319.60	0.00	0.001492	0.009422	0.018410	0.033885	0.048849	0.061082	0.075067	0.087228	0.099130	0.112149	0.124185	0.136741	0.149764	0.161779	0.175201	0.188284	0.202370
3327.32	0.00	0.001130	0.007384	0.016289	0.033363	0.050277	0.064401	0.080130	0.093728	0.106773	0.120555	0.133257	0.146163	0.159430	0.171298	0.184253	0.196934	0.210062
3335.04	0.00	0.003265	0.021917	0.039246	0.067497	0.092414	0.113282	0.136025	0.155972	0.175779	0.196612	0.216493	0.236867	0.258052	0.277950	0.299766	0.321388	0.344419
3342.76	0.00	0.002320	0.013533	0.023993	0.040503	0.055860	0.068375	0.082814	0.095431	0.107874	0.121590	0.134303	0.147676	0.161627	0.174524	0.188901	0.203128	0.218377
3350.48	0.00	0.000621	0.002163	0.006318	0.014576	0.024125	0.031998	0.041710	0.050273	0.058567	0.067959	0.076660	0.085819	0.095584	0.104231	0.114182	0.124081	0.134659
3358.20	0.00	0.003358	0.021522	0.039615	0.069565	0.095831	0.117641	0.141330	0.162028	0.182336	0.203569	0.223853	0.244369	0.265812	0.285616	0.306950	0.328240	0.350232
3365.92	0.00	0.004213	0.030705	0.058515	0.108544	0.153681	0.193066	0.235380	0.272839	0.310631	0.350119	0.387954	0.426650	0.467056	0.505603	0.547555	0.589184	0.633710
3373.64	0.00	0.002001	0.011730	0.022979	0.042888	0.061882	0.077698	0.095538	0.111059	0.126289	0.142649	0.157713	0.173300	0.189448	0.204061	0.220299	0.236094	0.252806
3381.36	0.00	0.002205	0.011997	0.023726	0.045332	0.066574	0.084704	0.105146	0.123246	0.141119	0.160123	0.178098	0.196592	0.215834	0.233696	0.253160	0.272392	0.292567
3389.08	0.00	0.003334	0.020519	0.038045	0.066996	0.092064	0.112312	0.134162	0.152897	0.171046	0.190235	0.208081	0.226279	0.245192	0.262468	0.281469	0.300013	0.319593
3396.80	0.00	0.005281	0.034137	0.059896	0.100274	0.134240	0.162212	0.192273	0.218417	0.244245	0.271404	0.297188	0.323391	0.350964	0.376379	0.404072	0.431550	0.460266
3404.52	0.00	0.003642	0.022853	0.042050	0.074979	0.105081	0.130614	0.158605	0.182938	0.206989	0.232255	0.255709	0.279534	0.304028	0.326593	0.351096	0.374658	0.399714
3412.24	0.00	0.001236	0.003484	0.008999	0.020307	0.032991	0.043623	0.056718	0.068466	0.080098	0.093197	0.105625	0.118799	0.132868	0.145911	0.160641	0.175417	0.191219
3419.96	0.00	0.006657	0.043726	0.078029	0.135007	0.183621	0.224139	0.266683	0.303514	0.339354	0.376282	0.411381	0.446434	0.483429	0.516879	0.553357	0.589699	0.627174
3427.68	0.00	0.006188	0.038772	0.067547	0.114439	0.154513	0.187627	0.222744	0.252682	0.281816	0.312092	0.339816	0.367835	0.396540	0.422552	0.450968	0.478287	0.507404
3435.40	0.00	0.001746	0.010167	0.023268	0.047988	0.071528	0.091258	0.113415	0.133043	0.152590	0.173673	0.194060	0.215144	0.237720	0.259041	0.282519	0.306286	0.331448
3443.12	0.00	0.010165	0.067881	0.117178	0.197734	0.266735	0.325704	0.388627	0.444162	0.499702	0.558130	0.614924	0.673016	0.735940	0.793975	0.859337	0.925693	0.995972
3450.84	0.00	0.008682	0.048616	0.077173	0.120112	0.156901	0.187262	0.220029	0.248116	0.275725	0.304773	0.331719	0.359363	0.388051	0.414182	0.443150	0.471539	0.501789
3458.56	0.00	0.006243	0.036976	0.063935	0.107092	0.144593	0.176121	0.210454	0.240477	0.269908	0.300627	0.329832	0.359359	0.390312	0.418440	0.448859	0.479242	0.510632
3466.28	0.00	0.010667	0.070702	0.122158	0.206482	0.278842	0.341491	0.409635	0.470478	0.532392	0.598552	0.662898	0.729643	0.801534	0.868307	0.943638	1.019173	1.100538
3474.00	0.00	0.003187	0.020970	0.041176	0.076355	0.108034	0.134896	0.164794	0.191484	0.218747	0.248340	0.277253	0.307421	0.339869	0.371032	0.405737	0.440608	0.478489
3481.72	0.00	0.013969	0.079732	0.126410	0.194682	0.251214	0.299029	0.350538	0.395451	0.439373	0.484971	0.528185	0.571348	0.616929	0.656946	0.700442	0.743996	0.788500
3489.44	0.00	0.012981	0.077028	0.127091	0.207816	0.278713	0.341302	0.410359	0.472330	0.535453	0.602815	0.667546	0.734205	0.805187	0.869192	0.940669	1.010792	1.084088
3497.16	0.00	0.005692	0.040214	0.071734	0.123762	0.170731	0.212175	0.258548	0.300523	0.343571	0.389557	0.434859	0.481340	0.531228	0.578303	0.630353	0.682593	0.738000
3504.88	0.00	0.030022	0.173421	0.278244	0.437769	0.565664	0.669995	0.781654	0.878330	0.970700	1.072767	1.166594	1.260358	1.352429	1.407671	1.469158	1.512517	1.541915
3512.60	0.00	0.014896	0.080306	0.132219	0.218066	0.291653	0.354170	0.420776	0.478795	0.535779	0.595988	0.651883	0.709159	0.769242	0.822056	0.881732	0.939587	1.001031
3520.32	0.00	0.009041	0.052906	0.091215	0.157090	0.216513	0.268683	0.325826	0.377200	0.429217	0.484262	0.538007	0.592651	0.651431	0.705028	0.763887	0.823157	0.884424
3528.04	0.00	0.041389	0.229938	0.377136	0.626141	0.840749	1.010390	1.175055	1.284704	1.349517	1.406705	1.438593	1.458797	1.466187	1.475353	1.495209	1.512153	1.530114
3535.76	0.00	0.010368	0.067205	0.110770	0.182196	0.246039	0.302142	0.363597	0.418345	0.473752	0.532979	0.589832	0.648883	0.712001	0.770233	0.835862	0.901356	0.971254
3543.48	0.00	0.023930	0.108495	0.167347	0.261420	0.339602	0.404202	0.473303	0.534322	0.595480	0.661845	0.726877	0.795022	0.869837	0.936525	1.012975	1.090190	1.170147
3551.20	0.00	0.044884	0.203614	0.314153	0.495663	0.650723	0.779147	0.915812	1.030350	1.132295	1.241463	1.326444	1.403241	1.465464	1.488020	1.525330	1.551826	1.574412
3558.92	0.00	0.005274	0.063122	0.117173	0.215240	0.305806	0.387159	0.475776	0.555078	0.634733	0.718918	0.799329	0.881176	0.969205	1.043929	1.128006	1.210605	1.292686
3566.64	0.00	0.070203	0.298654	0.447565	0.684354	0.885215	1.041661	1.201679	1.311277	1.374700	1.434449	1.467584	1.490405	1.502115	1.512494	1.533999	1.553266	1.572406
3574.36	0.00	0.041024	0.162281	0.242701	0.371625	0.482874	0.579056	0.685090	0.779192	0.871944	0.974332	1.067947	1.164288	1.265324	1.333504	1.411818	1.479750	1.534395
3582.08	0.00	0.003535	0.064886	0.129247	0.244778	0.349482	0.443695	0.547633	0.642166	0.738560	0.842328	0.942833	1.046098	1.156792	1.244450	1.340936	1.427099	1.500193
3589.80	0.00	0.073803	0.289027	0.434020	0.663803	0.861311	1.021490	1.193710	1.318232	1.393664	1.456836	1.487452	1.507343	1.513764	1.525021	1.548065	1.566674	1.587844
3597.52	0.00	0.037326	0.199624	0.328809	0.546946	0.736578	0.894921	1.062990	1.197958	1.299677	1.403032	1.463493	1.508628	1.537944	1.541824	1.563009	1.581695	1.598489
3605.24	0.00	0.022494	0.143293	0.246125	0.423045	0.578034	0.712165	0.858833	0.988532	1.109611	1.239212	1.343937	1.433221	1.504602	1.524928	1.556556	1.580173	1.599662
3612.96	0.00	0.078829	0.325190	0.503858	0.801629	1.048455	1.206715	1.335664	1.401587	1.433199	1.474990	1.502508	1.525910	1.539295	1.542062	1.564030	1.580331	1.597871
3620.68	0.00	0.049262	0.248078	0.397478	0.644580	0.854792	1.020032	1.188103	1.309980	1.386078	1.459833	1.498798	1.527254	1.542311	1.544774	1.566259	1.584139	1.600291
3628.40	0.00	0.069010	0.262458	0.393025	0.608714	0.802664	0.967921	1.148635	1.288635	1.381913	1.463340	1.502624	1.527741	1.538482	1.543066	1.563046	1.580162	1.598799
3636.12	0.00	0.045275	0.176205	0.271776	0.435293	0.583953	0.715473	0.860175	0.985683	1.101562	1.225790	1.324687	1.415588	1.490663	1.513844	1.553864	1.581239	1.603106
3643.84	0.00	0.007398	0.080738	0.144579	0.254894	0.356178	0.449714	0.556402	0.656488	0.761355	0.877124	0.991420	1.109600	1.236747	1.330394	1.430213	1.509608	1.567300
3651.56	0.00	0.108868	0.471808	0.727040	1.109321	1.277370	1.270706	1.257905	1.263659	1.294357	1.327303	1.375540	1.415027	1.442255	1.485086	1.523344	1.551329	1.578993
3659.28	0.00	0.030347	0.126070	0.198701	0.326677	0.446537	0.555779	0.678014	0.787402	0.895827	1.013363	1.120065	1.226989	1.334903	1.399603	1.472987	1.529660	1.570974
3667.00	0.00	0.008759	0.057160	0.105177	0.193804	0.280007	0.361859	0.456743	0.546279	0.641183	0.744665	0.848057	0.955770	1.073318	1.171925	1.280821	1.380275	1.468280
3674.72	0.00	0.098449	0.418602	0.644584	1.014388	1.252510	1.283454	1.281621	1.288920	1.319659	1.354271	1.400900	1.437109	1.461070	1.493823	1.526539	1.550608	1.573792
3682.44	0.00	0.035461	0.158788	0.246623	0.395902	0.529844	0.646833	0.776365	0.891069	1.002298	1.124184	1.231597	1.334481	1.432245	1.475149	1.528737	1.565870	1.591460
3690.16	0.00	0.042251	0.197615	0.316225	0.502792	0.657565	0.784876	0.923492	1.042457	1.148580	1.264693	1.355770	1.435553	1.499121	1.514815	1.549605	1.572425	1.590850
3697.88	0.00	0.032576	0.157758	0.253286	0.414024	0.557496	0.682434	0.819882	0.939174	1.051355	1.173031	1.274318	1.368351	1.452444	1.484890	1.531225	1.560923	1.585329
3705.60	0.00	0.016318	0.109122	0.185358	0.316632	0.434432	0.540245	0.659160	0.768045	0.878617	1.000639	1.114942	1.229280	1.345978	1.414863	1.488672	1.542253	1.578084
3713.32	0.00	0.065393	0.292258	0.454056	0.719233	0.946492	1.115783	1.275709	1.366538	1.410625	1.455424	1.481158	1.500929	1.509259	1.518090	1.541014	1.558254	1.575494
3721.04	0.00	0.041456	0.212973	0.335018	0.534986	0.710574	0.858749	1.020346	1.153475	1.259259	1.369188	1.438989	1.491881	1.525645	1.527573	1.552030	1.568098	1.583208
3728.76	0.00	0.062269	0.300167	0.484439	0.789150	1.041749	1.207915	1.345354	1.407670	1.430932	1.462404	1.484300	1.502486	1.509622	1.517652	1.540016	1.558140	1.573761
3736.48	0.00	0.091094	0.378649	0.581131	0.905321	1.152159	1.273066	1.362541	1.402799	1.422761	1.459088	1.483795	1.503021	1.515385	1.517784	1.538719	1.554801	1.570074
3744.20	0.00	0.099536	0.395865	0.623352	0.991361	1.234404	1.316917	1.377158	1.405409	1.423876	1.454324	1.477486	1.495449	1.501201	1.509750	1.530826	1.546817	1.562478
3751.92	0.00	0.113686	0.458341	0.740049	1.154471	1.278144	1.287341	1.314043	1.343293	1.377215	1.412783	1.446700	1.471515	1.483375	1.494414	1.516189	1.533165	1.549358
3759.64	0.00	0.045357	0.223799	0.351743	0.559578	0.740111	0.888485	1.047884	1.174200	1.270123	1.370367	1.432755	1.479734	1.509359	1.512882	1.535550	1.553198	1.568878
3767.36	0.00	0.029259	0.159956	0.271649	0.473033	0.660014	0.827907	1.015826	1.176411	1.303414	1.410080	1.456460	1.474851	1.472946	1.476540	1.495046	1.509560	1.527381
3775.08	0.00	0.020391	0.093126	0.148591	0.238791	0.317213	0.384535	0.458857	0.525000	0.591527	0.664689	0.735063	0.809007	0.890196	0.961384	1.042927	1.124246	1.208419
3782.80	0.00	0.015982	0.103945	0.172084	0.285255	0.385106	0.471404	0.566890	0.651693	0.735667	0.827807	0.914867	1.004290	1.102674	1.175425	1.260758	1.339704	1.410565
3790.52	0.00	0.003669	0.049048	0.094977	0.176469	0.250795	0.316143	0.388528	0.453130	0.518770	0.589352	0.657752	0.728711	0.805081	0.872985	0.950051	1.027395	1.107215
3798.24	0.00	0.025862	0.124647	0.192721	0.293368	0.373612	0.436913	0.503695	0.561297	0.617030	0.678743	0.738698	0.801738	0.871902	0.933020	1.003840	1.076732	1.152246
3805.96	0.00	0.054916	0.254912	0.407705	0.668868	0.911987	1.110338	1.276641	1.314460	1.300829	1.287585	1.288738	1.295514	1.297387	1.328021	1.359132	1.388973	1.421843
3813.68	0.00	0.019616	0.079779	0.133003	0.231772	0.327140	0.415110	0.515215	0.607167	0.701670	0.804494	0.903635	1.005818	1.115116	1.199482	1.292855	1.374017	1.442479
3821.40	0.00	0.062998	0.285784	0.451583	0.718008	0.942740	1.101256	1.243153	1.319884	1.354808	1.395019	1.421245	1.439918	1.445747	1.454853	1.474922	1.490182	1.506862
3829.12	0.00	0.027970	0.160867	0.272260	0.468118	0.648160	0.805135	0.977210	1.119954	1.232296	1.341699	1.405646	1.449428	1.471696	1.469302	1.490110	1.503572	1.518518
3836.84	0.00	0.057524	0.241593	0.377891	0.603720	0.797696	0.947370	1.102212	1.214690	1.286771	1.364775	1.407423	1.440472	1.460924	1.459443	1.480411	1.494842	1.510391
3844.56	0.00	0.050657	0.261616	0.420582	0.675128	0.882687	1.031623	1.181009	1.278227	1.331015	1.387794	1.417728	1.440470	1.448314	1.451897	1.470331	1.484963	1.501078
3852.28	0.00	0.060109	0.218037	0.328567	0.499421	0.643968	0.762105	0.893676	1.006956	1.107569	1.218514	1.302575	1.374720	1.425838	1.441069	1.467633	1.485698	1.500194
3860.00	0.00	0.079419	0.295543	0.452724	0.710078	0.930800	1.089294	1.232044	1.308379	1.343983	1.380737	1.404089	1.420881	1.424020	1.433934	1.452437	1.467838	1.483865
3867.72	0.00	0.053725	0.256362	0.409970	0.666432	0.893580	1.069600	1.234745	1.320520	1.355796	1.387891	1.409181	1.422836	1.423676	1.433419	1.452040	1.468635	1.483853
3875.44	0.00	0.058159	0.242747	0.357519	0.532958	0.688992	0.821596	0.970262	1.091516	1.189566	1.289031	1.353777	1.399967	1.425980	1.433982	1.454581	1.469647	1.483574
3883.16	0.00	0.055048	0.223139	0.338055	0.535138	0.716236	0.872720	1.043106	1.177664	1.276183	1.357681	1.398463	1.419147	1.417178	1.424865	1.440014	1.453894	1.469514
3890.88	0.00	0.045000	0.186158	0.290167	0.464535	0.620820	0.754390	0.897613	1.015507	1.116391	1.216575	1.292425	1.351435	1.390983	1.409703	1.437142	1.457436	1.473485
3898.60	0.00	0.052339	0.227027	0.361082	0.586144	0.790107	0.963655	1.145883	1.268847	1.328707	1.362781	1.373832	1.377339	1.371386	1.382964	1.400602	1.415894	1.435692
3906.32	0.00	0.079146	0.303064	0.452346	0.653358	0.780507	0.855388	0.932153	0.992151	1.045372	1.111406	1.168540	1.225026	1.279560	1.316352	1.360229	1.398690	1.431340
3914.04	0.00	0.013506	0.060401	0.096384	0.159130	0.220571	0.278043	0.344017	0.404820	0.469159	0.537884	0.607279	0.678401	0.755305	0.829994	0.910709	0.992025	1.075966
3921.76	0.00	0.034738	0.152536	0.237515	0.372505	0.490714	0.594806	0.709147	0.811369	0.912375	1.017482	1.115873	1.203964	1.281582	1.337327	1.384304	1.418513	1.443191
3929.48	0.00	0.038016	0.190260	0.298319	0.468247	0.610571	0.730450	0.856676	0.962141	1.060929	1.158092	1.239695	1.304080	1.347420	1.377639	1.404240	1.425874	1.442999
3937.20	0.00	0.019081	0.097891	0.157620	0.257483	0.345477	0.421646	0.502148	0.571948	0.641717	0.713345	0.783613	0.853221	0.925784	0.994876	1.067288	1.138835	1.210149
3944.92	0.00	0.030670	0.133712	0.204309	0.317577	0.415130	0.499953	0.590823	0.670932	0.751555	0.834525	0.915384	0.993185	1.070141	1.141164	1.210360	1.272574	1.328718
3952.64	0.00	0.024981	0.124844	0.196551	0.312856	0.411743	0.497741	0.587986	0.667371	0.748401	0.831234	0.913028	0.992225	1.070931	1.146732	1.220410	1.286088	1.343816
3960.36	0.00	0.010228	0.071313	0.121990	0.205133	0.278689	0.345777	0.418673	0.485348	0.555877	0.629109	0.703183	0.777550	0.854435	0.932474	1.011630	1.088988	1.166953
3968.08	0.00	0.010437	0.062529	0.100821	0.161213	0.214492	0.262340	0.314047	0.360527	0.408886	0.458570	0.508102	0.557226	0.608004	0.659003	0.710852	0.762940	0.816525
3975.80	0.00	0.010471	0.074387	0.125987	0.208594	0.276429	0.334358	0.393788	0.445666	0.498900	0.552977	0.607124	0.660593	0.716370	0.772970	0.831602	0.890775	0.952051
3983.52	0.00	0.005236	0.044534	0.079267	0.134003	0.178333	0.215637	0.253711	0.286859	0.320501	0.354628	0.388084	0.421286	0.455320	0.489684	0.524968	0.560005	0.597006
3991.24	0.00	0.005440	0.041702	0.070164	0.113678	0.150849	0.181796	0.214767	0.243417	0.272243	0.301957	0.331329	0.360720	0.391477	0.422348	0.454495	0.487014	0.521437
3998.96	0.00	0.004791	0.040685	0.068620	0.110755	0.145294	0.174321	0.204563	0.230901	0.257624	0.284954	0.311802	0.338620	0.366307	0.394194	0.423142	0.451814	0.482366
4006.68	0.00	0.000265	0.012094	0.025968	0.050203	0.072299	0.092601	0.114246	0.134049	0.154810	0.176258	0.198014	0.219930	0.242634	0.266070	0.290261	0.314877	0.340662
4014.40	0.00	0.001810	0.025420	0.049334	0.090006	0.125317	0.156266	0.187901	0.215805	0.244338	0.272880	0.301572	0.329661	0.358593	0.388053	0.418132	0.448337	0.479772
4022.12	0.00	0.000987	0.018060	0.037087	0.070021	0.098413	0.123196	0.148301	0.170211	0.192656	0.215145	0.237278	0.259024	0.281307	0.303900	0.327067	0.349780	0.373955
4029.84	0.00	-0.000599	0.007678	0.018211	0.036365	0.053073	0.067700	0.083196	0.096868	0.111118	0.125740	0.140232	0.154804	0.169839	0.185164	0.200984	0.216980	0.233966
4037.56	0.00	-0.000472	0.006517	0.015992	0.033345	0.049738	0.064453	0.079954	0.093830	0.108079	0.122496	0.136953	0.151324	0.166068	0.181129	0.196443	0.212021	0.228258
4045.28	0.00	-0.000204	0.010162	0.022409	0.043485	0.062133	0.078440	0.095220	0.109855	0.124793	0.139720	0.154405	0.168741	0.183358	0.198019	0.212889	0.227753	0.243213
4053.00	0.00	-0.000766	0.003711	0.010262	0.021115	0.031333	0.040021	0.049350	0.057413	0.065686	0.074217	0.082527	0.090939	0.099498	0.108042	0.116881	0.125755	0.135175
4060.72	0.00	-0.001169	0.000614	0.005206	0.013382	0.021575	0.028753	0.036547	0.043346	0.050271	0.057520	0.064657	0.071919	0.079332	0.086757	0.094496	0.102296	0.110577
4068.44	0.00	-0.001252	-0.000566	0.002454	0.007285	0.012211	0.016355	0.020806	0.024670	0.028496	0.032712	0.036736	0.040834	0.045085	0.049189	0.053543	0.058026	0.062819
4076.16	0.00	-0.001240	-0.000538	0.002828	0.007638	0.012845	0.017162	0.022078	0.026415	0.030769	0.035505	0.040184	0.044992	0.050003	0.054969	0.060109	0.065473	0.071099
4083.88	0.00	-0.000346	0.006846	0.016312	0.032440	0.047090	0.059939	0.073341	0.085116	0.097218	0.109514	0.121704	0.133788	0.146205	0.158727	0.171576	0.184519	0.198072
4091.60	0.00	-0.000950	0.001687	0.007171	0.015099	0.022950	0.028833	0.035723	0.041449	0.047218	0.053446	0.059414	0.065462	0.071692	0.077765	0.084343	0.090803	0.097806
4099.32	0.00	-0.001379	-0.002689	-0.001220	0.000034	0.002267	0.003562	0.005594	0.007259	0.008888	0.010855	0.012887	0.015019	0.017209	0.019371	0.021697	0.024306	0.026976
4107.04	0.00	-0.000701	0.003871	0.011129	0.022438	0.033282	0.041808	0.051181	0.059202	0.066899	0.075141	0.082933	0.090672	0.098576	0.106141	0.113928	0.121790	0.129813
4114.76	0.00	-0.000829	-0.000010	0.004228	0.009077	0.015044	0.018421	0.023505	0.027431	0.030926	0.035427	0.039346	0.043474	0.047807	0.051650	0.056028	0.060336	0.065137
4122.48	0.00	-0.001690	-0.004795	-0.004543	-0.006029	-0.005668	-0.006603	-0.006153	-0.005938	-0.006065	-0.005328	-0.004853	-0.003981	-0.003057	-0.002372	-0.001355	-0.000022	0.001495
4130.20	0.00	-0.001118	-0.000933	0.002492	0.006648	0.011799	0.014982	0.019539	0.023231	0.026537	0.030591	0.034205	0.038103	0.042193	0.045722	0.049657	0.053823	0.058078
4137.92	0.00	-0.000788	0.002664	0.009467	0.020512	0.031574	0.040659	0.050631	0.059123	0.067613	0.076359	0.084845	0.093206	0.101794	0.110043	0.118647	0.127189	0.136132
4145.64	0.00	-0.001131	-0.000288	0.003281	0.008906	0.014803	0.019716	0.025150	0.029761	0.034519	0.039640	0.044526	0.049518	0.054459	0.059416	0.064627	0.069779	0.075395
4153.36	0.00	-0.001406	-0.001716	-0.000176	0.002612	0.005619	0.008390	0.011344	0.014008	0.016782	0.019876	0.022930	0.026140	0.029389	0.032626	0.036069	0.039686	0.043540
4161.08	0.00	-0.001225	-0.000029	0.003050	0.008701	0.014074	0.018950	0.023831	0.028106	0.032531	0.037076	0.041473	0.045903	0.050383	0.054737	0.059393	0.064021	0.069039
4168.80	0.00	-0.001500	-0.002854	-0.002264	-0.001717	-0.000758	-0.000031	0.000850	0.001480	0.002221	0.003301	0.004220	0.005377	0.006566	0.007569	0.008806	0.010250	0.011860
4176.52	0.00	-0.001304	-0.002179	-0.000860	0.000816	0.002890	0.004635	0.006567	0.008261	0.009982	0.011959	0.013922	0.016002	0.018097	0.020112	0.022311	0.024686	0.027101
4184.24	0.00	-0.001342	-0.001849	0.000376	0.003217	0.006523	0.008956	0.011799	0.014195	0.016588	0.019316	0.021961	0.024647	0.027376	0.029961	0.032800	0.035741	0.038914
4191.96	0.00	-0.001092	-0.000953	0.001830	0.005756	0.010062	0.013530	0.017385	0.020726	0.024085	0.027760	0.031305	0.034953	0.038655	0.042175	0.045992	0.049974	0.054071
4199.68	0.00	-0.001134	-0.001237	0.001902	0.005908	0.010910	0.014499	0.019052	0.022862	0.026649	0.030915	0.034964	0.039121	0.043403	0.047470	0.051954	0.056493	0.061197
4207.40	0.00	-0.001139	-0.002398	-0.000376	0.001222	0.004030	0.005532	0.007947	0.009744	0.011542	0.013764	0.015789	0.018031	0.020360	0.022386	0.024778	0.027294	0.030003
4215.12	0.00	-0.001207	-0.002687	-0.001289	-0.000422	0.001383	0.002434	0.003943	0.005183	0.006324	0.007792	0.009192	0.010776	0.012334	0.013731	0.015325	0.017123	0.019047
4222.84	0.00	-0.001151	-0.002268	-0.000376	0.001394	0.004314	0.005983	0.008577	0.010561	0.012491	0.014854	0.017148	0.019472	0.021882	0.024136	0.026630	0.029239	0.032065
4230.56	0.00	-0.001314	-0.002781	-0.001834	-0.001225	0.000084	0.000856	0.001925	0.002772	0.003603	0.004765	0.005942	0.007193	0.008485	0.009610	0.010952	0.012525	0.014121
4238.28	0.00	-0.001367	-0.003404	-0.002158	-0.002436	-0.001116	-0.001217	-0.000326	0.000231	0.000457	0.001367	0.002069	0.002998	0.003946	0.004548	0.005478	0.006655	0.007822